data/out_eroded.asc
ncols         243
nrows         143
xllcorner     77.65375
yllcorner     30.237083333333
cellsize      0.00027777777777778
NODATA_value  -9999
[rows 84 to 125 of 143, columns 94 to 187 of 243]
521 517 521 517 506 507 502 504 500 497 495 497 485 490 491 492 495 496 498 496 504 509 510 504 506 507 515 513 515 519 514 518 527 524 520 536 542 532 534 536 545 546 538 532 533 535 539 542 543 539 547 548 552 555 558 558 558 561 559 563 569 552 562 557 560 562 564 570 574 574 571 567 580 584 575 565 582 586 592 588 589 586 586 591 599 605 638 655 659 653 658 643 655 660
540 527 530 519 512 508 505 512 504 497 504 500 499 493 492 494 506 506 498 496 498 502 505 506 505 505 505 508 510 509 512 515 520 516 533 524 532 526 528 528 527 527 528 528 531 529 532 534 535 542 542 540 543 546 544 549 549 556 553 562 566 550 555 557 558 557 560 564 564 566 566 566 568 567 572 570 577 578 584 587 587 582 580 594 626 643 642 638 651 660 661 661 656 639
553 549 541 539 521 518 524 516 513 515 515 503 507 505 501 496 497 499 499 498 502 497 500 503 504 502 503 508 513 512 516 515 520 524 527 521 521 524 523 537 525 525 533 527 530 531 527 532 540 538 536 539 542 543 541 547 547 551 554 555 559 554 554 557 559 560 564 562 564 568 566 566 566 568 571 571 576 585 587 596 595 600 614 624 643 650 651 641 640 652 662 669 653 635
555 549 551 549 531 519 525 520 521 519 512 509 513 512 506 501 498 498 499 501 499 504 498 502 502 503 504 506 508 512 516 516 517 519 522 521 521 524 526 523 521 527 527 534 530 532 532 536 534 534 537 540 542 539 536 542 543 548 553 550 553 555 561 562 562 558 561 564 568 567 568 564 569 569 571 572 582 591 594 612 618 628 636 637 649 641 646 649 653 649 653 657 652 638
557 561 560 550 547 528 526 523 529 525 520 520 522 515 515 510 509 511 514 510 504 508 505 502 502 502 505 509 513 516 510 513 516 515 518 524 520 522 527 523 520 525 534 527 532 533 533 535 537 538 541 538 541 544 542 542 548 552 550 551 554 556 558 560 565 568 561 568 569 569 573 582 584 585 592 608 617 621 626 623 631 634 628 634 634 631 645 650 650 644 647 647 639 627
574 574 568 562 554 543 532 530 535 525 526 524 523 521 517 515 516 518 511 507 515 512 514 510 504 505 508 513 511 510 504 505 509 516 518 524 523 517 523 528 527 527 529 530 529 533 533 535 538 534 543 542 540 542 545 551 554 555 554 556 557 557 557 560 561 561 565 580 590 593 592 598 601 604 607 601 613 615 612 612 618 624 623 629 635 634 642 639 646 635 633 642 645 633
571 578 573 566 560 536 557 549 539 536 531 526 521 518 521 523 525 522 524 516 522 520 521 521 512 508 508 515 513 509 509 507 506 518 519 520 523 520 521 531 525 527 528 529 530 534 535 536 533 537 538 543 555 556 555 561 557 558 557 557 562 567 570 572 578 583 593 592 592 594 596 601 599 603 606 604 606 606 607 616 617 620 629 629 634 636 629 637 637 632 639 645 646 646
585 584 593 575 571 561 564 580 566 563 546 535 532 525 526 529 544 527 522 519 530 524 521 515 522 519 520 520 520 520 514 520 511 522 517 514 517 521 522 527 527 531 534 531 530 534 536 546 551 551 549 555 557 561 574 575 571 573 575 576 579 580 584 584 583 589 590 592 595 595 593 595 601 605 602 607 604 607 611 619 624 628 619 625 632 621 621 630 633 635 643 647 644 639
593 588 584 582 578 564 569 576 572 572 560 565 556 539 535 538 537 524 531 527 528 518 521 521 520 523 521 520 520 527 521 523 522 514 519 511 514 523 526 523 528 536 537 537 545 552 549 548 552 555 556 561 564 568 572 573 573 574 576 580 581 582 581 581 584 587 587 592 593 593 593 595 600 600 600 606 608 604 607 615 620 618 622 627 622 622 617 628 633 630 637 637 637 636
597 603 597 591 579 573 581 581 577 570 565 573 575 563 562 541 537 532 534 533 535 530 534 531 526 530 525 518 528 527 523 524 521 519 517 520 516 515 518 523 530 550 546 547 547 549 549 554 554 559 557 564 569 563 571 571 570 576 582 578 580 580 579 580 583 586 585 586 587 592 592 592 595 596 598 605 601 606 612 610 622 619 619 621 622 623 622 623 624 626 628 631 632 633
606 607 598 592 560 560 583 584 585 577 575 580 577 570 568 555 559 541 541 536 539 539 533 527 535 530 526 529 528 529 519 518 531 517 520 518 519 519 522 527 520 545 547 545 548 548 553 551 557 560 560 566 574 570 569 575 573 576 576 578 580 578 579 581 583 583 587 584 586 592 596 598 597 596 600 602 606 605 609 614 614 624 616 616 622 622 623 621 620 625 629 628 632 632
612 609 605 601 585 567 591 593 592 585 582 582 581 576 558 573 569 566 549 537 547 541 531 537 537 535 533 529 527 525 525 517 525 523 520 520 525 522 524 524 516 528 545 551 551 550 552 558 559 562 564 565 570 574 574 574 571 575 575 573 576 583 581 583 586 583 586 585 591 593 596 595 594 598 602 602 605 605 605 610 612 612 614 619 622 621 627 618 622 623 624 626 631 637
616 615 609 605 595 577 601 599 597 590 592 591 586 582 550 572 570 572 572 554 547 545 549 544 547 543 538 536 533 534 520 519 534 532 531 527 524 522 522 526 526 519 538 550 551 552 559 560 560 560 565 565 566 570 574 576 573 572 573 578 576 576 577 582 592 587 588 585 594 589 595 594 598 598 605 599 603 603 602 604 610 613 613 618 618 619 620 617 618 622 629 626 629 630
619 615 613 606 589 598 602 604 602 598 596 598 596 585 562 562 579 586 585 571 571 557 558 550 551 562 557 555 544 533 529 525 533 532 533 533 530 525 522 523 526 525 522 538 561 564 565 560 566 562 565 566 572 569 570 575 571 573 575 578 576 577 585 581 585 582 586 585 584 584 591 593 595 595 601 600 600 600 600 609 612 612 617 616 613 617 620 621 619 619 620 624 629 637
630 622 613 611 579 598 608 609 608 609 610 601 600 598 579 571 588 587 590 586 585 583 574 560 546 559 562 555 549 542 536 528 537 541 541 541 531 533 526 522 526 528 529 524 534 564 572 567 568 566 563 564 562 565 567 569 566 575 579 575 577 572 574 577 578 582 583 586 584 587 589 591 595 600 595 595 603 603 599 606 606 610 613 610 608 612 616 616 618 615 621 623 636 641
635 631 624 616 572 580 615 616 617 615 610 605 601 598 582 571 586 597 595 591 590 587 583 573 568 569 576 561 555 539 535 517 541 541 546 539 536 533 534 528 532 528 526 526 526 538 559 560 574 574 576 566 562 561 565 568 565 572 573 572 571 576 580 580 578 581 583 581 585 589 588 592 594 597 593 594 600 601 599 599 603 609 605 605 606 606 609 610 614 621 621 625 634 638
647 640 630 622 586 583 621 624 615 614 613 612 605 606 587 572 587 603 599 596 596 590 587 585 583 577 569 573 556 555 537 553 544 551 547 542 537 538 537 541 532 530 531 532 536 530 546 563 563 567 565 571 566 566 562 565 564 569 570 572 571 570 580 586 583 577 582 584 585 587 589 592 590 589 594 591 597 595 598 598 599 599 608 606 609 611 608 613 609 611 615 631 627 621
648 645 637 635 597 602 630 630 627 621 619 615 611 609 591 581 585 583 603 600 602 595 593 593 593 583 579 585 578 565 555 570 549 547 548 544 547 547 542 535 542 539 540 536 530 529 527 539 543 551 562 567 571 567 566 571 564 571 573 578 576 589 578 572 588 578 581 584 587 589 590 591 587 587 595 596 595 597 596 594 602 602 605 608 603 605 609 608 610 610 612 628 618 617
654 652 648 640 617 613 634 636 632 627 625 621 610 597 604 599 594 609 606 608 602 601 593 600 597 596 585 582 577 559 553 551 558 558 556 553 555 545 546 542 540 542 536 531 532 527 523 535 544 538 545 550 549 547 550 552 547 543 557 574 582 581 577 575 578 578 585 590 583 587 593 587 588 587 591 592 596 595 592 596 598 601 602 604 599 606 608 606 605 605 614 619 619 618
667 663 655 640 625 631 641 640 643 638 629 621 620 608 613 613 603 614 615 608 609 604 603 600 603 594 591 587 590 568 555 550 560 558 558 561 554 551 547 548 544 541 533 534 538 537 535 549 539 537 542 541 557 542 543 542 547 544 548 545 553 564 584 581 579 581 584 576 587 589 585 590 587 590 593 599 598 597 597 595 602 599 597 602 600 604 608 602 603 605 613 616 610 614
665 666 665 655 631 622 644 643 640 639 634 631 615 619 621 617 598 617 619 619 614 608 602 600 599 593 587 600 600 588 566 555 566 561 567 566 559 557 557 548 545 543 537 538 538 538 545 533 535 538 544 543 543 544 547 543 545 548 552 547 548 550 563 569 567 572 573 578 585 579 580 585 591 589 589 591 594 596 598 597 600 605 597 598 601 605 603 603 604 599 605 616 617 608
703 688 682 663 637 620 647 648 646 643 642 639 631 627 630 622 615 608 622 618 615 613 612 600 598 607 602 602 596 599 587 564 579 591 589 579 563 566 562 555 549 553 547 545 545 542 535 539 543 541 542 550 543 549 557 549 547 547 549 542 547 547 552 564 583 593 585 576 580 578 582 586 587 588 588 593 590 592 593 595 603 595 601 596 598 599 595 600 603 600 599 615 617 617
726 721 704 685 650 633 653 657 654 657 652 644 641 636 635 636 621 623 629 626 622 619 604 602 618 609 605 602 607 603 594 563 596 597 595 586 566 569 560 558 558 554 555 553 545 538 541 546 549 549 542 543 546 549 548 550 551 552 554 552 548 548 546 550 583 585 577 574 576 582 584 587 582 588 588 589 595 593 593 603 594 595 593 596 595 599 601 599 607 600 599 605 609 606
750 756 743 708 648 660 664 664 667 665 654 651 645 638 644 643 621 629 636 623 630 623 605 616 618 612 607 606 604 610 602 573 603 596 596 589 569 567 566 564 561 564 562 552 549 548 541 553 550 548 545 549 552 548 547 551 550 558 553 558 554 552 551 555 576 579 575 571 577 579 583 581 586 584 589 591 592 593 592 593 589 592 598 597 598 597 597 596 594 600 602 601 605 602
749 723 705 682 664 699 692 684 678 669 661 655 647 641 644 647 620 633 643 642 641 632 615 629 624 628 619 606 609 612 600 601 607 603 598 588 576 581 572 572 570 564 560 564 557 557 548 573 569 566 563 551 562 550 563 554 561 559 561 561 559 562 557 552 555 565 571 576 579 582 582 582 582 589 585 590 590 589 589 589 593 592 592 593 596 594 590 597 600 599 597 601 599 598
704 696 690 668 682 717 733 706 682 676 673 667 664 653 653 657 635 652 644 635 640 619 633 643 634 639 637 616 614 612 611 612 612 610 605 596 589 578 572 588 575 575 571 572 560 555 553 562 571 570 557 562 548 559 558 562 560 563 562 564 564 566 559 556 558 563 572 574 576 581 583 581 581 584 588 590 588 593 592 593 591 590 594 593 592 591 593 597 598 596 600 604 602 601
684 682 675 668 701 733 750 737 706 695 686 684 675 663 657 638 651 658 651 645 640 631 648 650 651 661 649 623 619 595 596 616 625 621 603 606 603 591 575 588 592 597 597 581 564 560 555 562 563 581 575 578 562 556 566 565 565 561 566 570 566 568 563 558 567 566 562 571 577 580 578 576 574 582 581 583 587 588 594 595 594 593 588 590 592 587 592 599 603 604 602 598 598 598
720 707 697 673 685 726 736 725 740 728 707 694 688 673 648 656 667 661 655 650 626 643 650 653 657 645 635 633 617 608 613 628 645 636 619 637 634 624 606 593 599 598 588 583 578 566 562 563 570 580 580 571 554 572 567 570 569 570 571 573 573 571 571 566 569 565 563 563 570 571 578 572 579 579 582 584 582 587 588 590 592 587 588 587 582 590 596 601 600 600 599 599 598 598
728 708 703 702 678 720 733 745 751 734 732 718 700 683 667 660 674 675 671 666 629 625 653 662 658 644 639 648 615 603 617 635 644 636 618 642 646 633 607 606 615 603 596 598 588 573 561 573 566 569 581 574 564 578 577 575 576 578 580 576 579 581 574 569 574 578 575 565 574 570 573 575 576 577 582 576 582 589 590 588 586 588 586 585 582 585 592 595 591 594 598 595 595 598
728 723 722 719 690 707 740 763 759 761 757 739 722 693 668 687 685 683 686 676 660 620 627 657 658 648 647 650 628 609 612 646 654 650 620 640 648 631 612 598 626 613 606 605 596 581 575 576 573 583 572 584 584 569 588 594 591 584 578 584 589 586 584 581 587 592 591 593 585 573 571 571 573 575 574 571 571 587 589 589 590 588 588 577 584 589 591 591 592 596 595 593 596 601
762 753 729 735 717 702 728 753 765 761 752 744 724 682 670 717 718 709 691 671 668 651 622 667 670 658 659 645 637 622 625 653 653 640 634 648 639 634 616 612 638 621 625 620 604 596 589 588 575 574 592 591 575 575 573 607 608 605 602 585 590 593 594 594 603 606 606 609 606 590 580 575 568 576 575 572 572 584 579 581 582 583 585 582 588 588 589 589 591 591 593 596 598 598
784 761 765 751 743 735 737 720 723 718 716 707 695 673 688 728 749 736 708 685 675 671 652 683 671 664 660 648 636 633 640 656 657 642 643 645 643 631 620 634 645 629 629 628 618 595 602 597 578 588 609 609 596 595 581 588 602 615 614 610 617 620 618 607 616 616 614 618 613 607 607 583 579 571 575 572 578 576 574 575 580 580 580 586 588 590 591 597 595 592 596 598 599 593
799 787 773 780 763 748 733 722 704 700 688 687 685 690 703 733 749 732 697 713 708 672 631 678 678 672 669 643 612 643 655 668 657 655 651 653 644 643 634 639 639 634 630 623 608 603 621 602 582 605 615 609 618 628 609 598 605 617 624 619 621 620 618 617 624 624 625 621 609 616 610 605 599 575 598 589 595 587 585 585 581 585 582 580 580 584 593 592 590 595 594 603 598 598
837 816 802 798 780 759 748 728 730 726 714 702 691 692 712 734 723 705 709 730 716 677 654 694 694 699 676 661 631 642 662 672 665 667 661 655 655 636 644 649 648 636 636 623 613 620 627 620 597 599 617 613 618 624 621 615 624 618 632 632 628 627 623 626 628 628 631 614 613 622 617 618 616 593 599 593 603 590 591 583 588 589 593 578 589 581 594 594 595 597 596 598 592 596
814 825 827 820 789 779 762 746 754 727 720 701 693 707 735 741 720 697 688 694 692 653 675 723 731 716 680 652 646 663 680 672 676 673 668 667 663 638 651 655 649 642 627 626 627 634 633 618 613 599 600 616 627 634 626 628 631 620 632 636 635 621 640 636 639 635 634 628 629 624 625 618 614 606 598 599 610 601 601 594 597 590 586 590 583 585 591 588 594 594 600 591 594 595
765 754 775 816 808 784 753 769 756 754 729 727 721 728 718 715 705 694 698 679 664 676 697 715 699 682 660 654 659 690 694 686 686 682 677 673 663 660 661 661 654 639 636 634 637 641 624 619 615 616 617 608 628 637 633 635 639 631 635 640 637 598 641 643 644 640 640 635 636 632 631 622 624 602 605 599 622 617 593 594 593 594 595 593 587 586 586 583 587 594 589 593 593 590
736 730 712 760 822 815 784 781 765 770 767 760 773 749 736 725 708 714 716 695 688 700 709 694 672 655 662 673 694 728 716 702 695 690 682 665 670 676 674 669 656 652 650 648 635 632 627 616 621 630 636 622 630 640 639 639 646 647 632 646 645 608 643 656 647 648 641 642 641 640 635 630 629 620 606 596 602 609 599 594 589 587 600 591 594 591 586 589 587 592 594 589 587 589
711 690 722 741 780 821 820 798 790 774 772 784 784 781 759 752 747 731 724 709 706 703 688 682 669 651 673 683 696 733 738 719 705 695 681 684 691 686 672 660 662 662 665 657 650 655 631 636 638 635 642 630 638 647 649 651 655 652 645 655 655 639 647 667 660 657 648 652 651 658 651 646 639 619 601 603 603 601 601 596 596 596 598 596 595 595 599 590 593 592 595 594 587 589
690 686 716 723 746 746 793 808 787 725 737 774 798 776 777 776 762 756 747 723 731 714 704 694 683 652 676 690 707 743 766 749 716 696 702 700 698 694 688 677 675 672 670 663 660 663 643 651 647 645 644 639 637 650 657 656 660 659 647 660 660 644 655 668 665 663 656 660 658 661 652 652 643 612 626 623 620 614 599 608 601 590 601 603 599 594 595 598 597 596 595 593 587 596
660 683 696 718 718 715 713 718 725 715 779 816 815 791 787 772 782 777 763 760 748 727 704 711 694 682 663 703 720 752 770 746 740 714 713 703 706 701 700 688 680 686 674 672 670 668 649 654 657 660 657 648 652 645 656 661 665 666 658 665 663 599 660 674 672 671 670 673 668 660 661 658 649 644 638 639 632 623 612 628 636 601 605 608 604 599 602 604 602 598 602 590 594 598
647 671 681 694 699 716 691 709 698 709 745 798 824 808 801 785 793 791 782 772 746 736 729 715 727 714 676 688 698 729 745 756 726 737 739 717 715 710 700 693 691 688 686 681 678 674 654 659 667 663 651 664 661 664 663 666 666 672 667 659 671 619 668 675 681 679 668 676 674 668 664 658 653 642 641 652 659 635 626 636 633 619 604 609 612 610 600 613 604 605 604 601 594 594
615 632 639 668 703 702 708 701 685 702 709 741 742 751 742 741 771 756 773 783 779 762 734 729 748 721 712 705 708 718 742 749 734 756 745 756 735 721 709 706 705 701 694 692 686 676 676 668 676 669 663 655 668 672 676 683 679 676 674 679 681 657 639 683 689 686 687 685 681 669 660 665 656 654 650 655 654 652 642 649 650 632 622 630 629 617 610 616 607 613 599 597 601 598
