data/out_eroded.asc
ncols         243
nrows         143
xllcorner     77.65375
yllcorner     30.237083333333
cellsize      0.00027777777777778
NODATA_value  -9999
[rows 42 to 83 of 143, columns 94 to 187 of 243]
512 518 528 529 535 529 534 550 573 577 586 588 591 588 591 589 599 604 612 613 620 623 625 636 647 648 644 659 667 664 663 678 683 679 682 692 699 699 704 700 693 722 730 736 731 727 754 764 759 758 771 772 783 791 777 774 758 821 819 812 829 784 785 791 746 730 740 762 787 844 848 855 857 861 892 902 914 897 862 817 849 865 902 933 973 1035 1129 1096 1066 1006 955 929 929 890
517 524 521 523 528 537 554 568 562 577 583 585 588 588 592 595 592 605 611 612 615 625 635 637 649 648 647 651 658 668 669 674 676 663 676 685 687 691 693 674 692 704 710 706 701 716 723 731 741 753 764 773 769 776 744 742 770 793 767 813 795 757 740 737 723 729 756 800 824 839 839 839 852 885 873 863 885 862 817 807 879 902 907 942 1015 1064 1058 1045 1025 1069 1022 1028 1021 994
526 536 538 531 539 561 560 556 558 563 572 579 581 588 588 593 600 604 605 611 616 625 630 627 629 633 644 651 658 665 666 660 655 650 662 665 667 666 670 674 693 698 695 699 712 714 720 732 736 745 756 762 765 773 745 740 770 783 749 781 738 731 733 716 724 735 782 826 838 832 834 840 847 882 855 858 859 843 834 791 801 892 937 935 985 995 958 941 938 975 985 1059 1080 1066
538 540 542 541 546 549 554 554 565 571 581 577 582 580 588 596 593 593 602 604 610 614 623 617 626 633 646 651 657 657 653 640 638 644 648 652 659 665 666 680 692 689 686 693 701 711 719 730 732 745 749 757 758 757 716 740 762 751 705 701 700 698 701 722 750 788 816 826 819 823 826 831 861 872 846 868 844 830 831 817 781 803 862 898 924 924 895 858 858 891 901 973 1062 1052
532 539 543 540 549 554 551 559 560 561 568 574 571 579 586 583 588 595 600 601 605 609 610 621 626 636 646 647 646 635 631 637 647 652 657 663 668 669 671 676 684 686 683 696 706 710 713 710 733 738 736 752 742 714 705 702 701 688 689 688 691 710 744 776 799 820 833 807 809 814 826 837 829 818 852 863 825 830 834 832 812 770 763 802 838 839 881 856 818 830 861 959 1025 1017
531 533 536 543 546 543 544 549 553 554 566 564 570 576 574 581 584 587 594 606 608 607 604 620 627 625 635 639 631 627 632 645 655 659 660 658 657 671 674 681 680 683 677 697 705 699 704 720 727 721 725 701 693 686 679 682 678 680 681 700 722 764 780 790 807 825 812 797 799 818 831 838 805 838 876 841 822 826 832 832 830 823 797 757 757 768 792 798 790 782 833 871 895 912
529 535 528 528 535 540 546 546 555 544 548 558 561 562 571 578 583 586 591 592 599 599 613 612 614 618 630 624 628 635 642 643 647 650 647 651 651 663 671 677 675 684 672 681 679 688 688 685 673 667 658 664 666 668 674 675 679 689 725 759 760 769 782 793 811 818 801 789 797 810 829 797 813 877 864 828 816 818 824 825 839 854 828 808 786 744 756 783 778 753 766 806 816 835
533 523 524 536 541 543 544 549 548 547 546 547 557 563 567 572 574 579 586 594 603 603 606 605 607 604 611 611 624 632 628 622 628 633 650 648 644 644 640 641 643 638 644 650 647 644 645 647 652 646 649 656 659 661 669 692 715 737 747 755 765 771 768 782 807 808 796 793 802 810 802 799 848 861 826 822 810 815 815 822 842 854 847 830 809 772 731 759 777 763 741 773 782 785
521 526 536 533 535 540 532 531 541 556 562 563 568 572 573 573 581 587 590 593 599 594 590 592 594 602 614 623 620 611 612 617 623 631 623 619 614 616 620 623 620 631 637 628 630 640 633 639 643 653 668 651 668 689 706 718 736 738 740 754 759 754 777 796 796 781 781 795 808 816 780 803 839 831 806 814 805 807 800 816 834 833 824 839 831 801 750 730 757 752 726 730 748 773
524 522 526 526 517 522 540 548 550 556 555 559 567 568 570 577 583 589 590 590 587 588 596 605 606 604 613 611 606 608 606 617 613 605 608 606 609 618 615 611 621 625 624 634 644 632 644 645 646 657 669 685 694 700 711 717 725 731 741 742 744 756 777 771 756 764 774 775 801 816 766 772 823 802 803 792 799 798 800 813 841 831 802 822 811 776 757 739 724 733 753 724 742 781
511 509 512 522 536 537 540 541 544 549 554 554 562 569 568 574 584 582 585 580 585 590 598 602 604 599 596 595 600 601 607 606 601 599 603 606 615 612 607 614 629 619 631 634 637 646 647 655 667 680 684 692 696 705 707 708 717 730 732 737 745 753 758 751 751 756 762 777 793 764 740 761 776 792 792 791 789 794 793 810 839 835 798 812 827 790 757 750 736 718 752 719 778 798
523 517 532 529 531 535 538 544 544 552 553 552 542 554 560 556 555 564 571 581 586 588 584 580 579 585 588 592 596 603 605 597 596 634 598 596 605 651 616 619 618 629 632 636 646 657 665 670 673 688 691 690 700 697 703 704 717 719 725 731 735 737 735 734 741 750 765 783 749 741 767 788 818 816 792 790 785 781 789 813 833 827 781 775 816 789 736 726 720 745 715 746 789 801
512 506 523 523 529 531 536 543 539 534 537 536 535 549 554 554 573 570 571 575 569 575 576 574 582 588 594 595 595 596 592 593 609 599 608 607 608 611 615 618 625 635 644 651 656 655 666 670 673 679 683 689 692 698 709 716 714 711 718 728 725 727 728 743 737 741 729 727 731 767 793 821 829 803 779 776 778 780 776 804 827 819 793 769 792 774 711 730 749 706 727 764 784 815
506 509 510 502 507 505 512 522 524 531 531 533 539 544 540 547 554 558 560 566 567 570 570 576 581 585 585 588 589 587 602 604 594 600 600 604 603 609 620 629 636 640 644 648 652 655 662 670 671 678 682 694 689 688 710 716 709 704 712 715 709 714 724 739 729 740 712 731 752 778 801 807 803 790 777 769 771 773 765 820 836 819 811 779 778 759 701 700 699 722 754 779 809 826
497 496 503 497 502 512 521 520 528 529 536 538 537 555 544 546 548 551 554 558 563 567 568 577 575 580 579 577 593 595 588 594 594 595 600 597 610 627 631 633 635 639 645 646 652 656 657 654 659 661 667 677 684 683 699 708 710 714 710 709 709 705 710 722 723 738 706 730 764 793 778 797 779 779 769 769 766 762 773 843 834 809 805 762 752 762 717 689 697 733 776 815 821 833
494 501 496 508 512 517 523 522 526 526 527 533 538 534 544 543 547 550 555 559 561 565 565 573 572 567 569 576 580 585 592 592 592 587 596 614 617 626 627 625 631 633 637 640 648 653 652 660 657 658 669 687 683 679 704 695 711 700 701 696 702 698 703 713 712 722 705 738 766 772 755 787 770 764 764 776 761 751 766 810 799 802 791 755 726 736 709 684 709 753 788 813 816 829
499 500 502 505 513 516 514 516 520 525 542 540 534 533 540 538 552 548 549 554 557 565 569 566 561 565 568 574 577 583 589 590 584 600 613 610 617 616 621 624 626 632 628 635 639 647 644 648 655 668 687 694 680 689 690 698 685 684 692 696 694 688 706 707 704 703 687 735 753 759 755 744 752 753 768 753 749 737 755 799 782 795 806 781 727 730 700 683 707 770 797 794 808 822
497 499 504 508 514 513 511 514 524 538 529 523 523 533 536 537 544 549 551 550 555 561 563 560 559 566 576 573 575 583 584 580 597 605 607 608 612 618 618 625 623 624 630 631 636 636 644 659 660 678 681 682 678 681 679 675 683 681 690 691 687 696 698 701 702 704 689 717 721 741 746 741 738 759 753 738 742 735 738 770 777 791 791 774 720 719 691 676 714 792 792 784 802 797
503 506 501 502 507 513 511 509 517 519 520 526 529 533 540 538 540 543 546 553 556 547 551 559 569 566 569 572 576 573 579 596 600 610 601 606 608 607 611 613 614 627 640 639 631 638 664 663 670 673 661 666 675 674 672 668 685 686 677 702 694 686 696 690 695 685 698 703 713 715 719 729 742 738 736 732 734 733 728 736 782 781 785 768 718 720 674 697 753 777 786 775 788 784
493 503 505 499 505 504 507 508 516 520 524 525 524 534 534 534 539 542 543 548 547 547 557 563 564 564 566 574 571 575 585 593 598 596 598 601 610 606 609 608 620 644 644 647 643 650 651 649 660 654 661 667 670 673 666 664 671 675 673 685 680 690 682 699 685 670 687 689 695 710 712 710 719 729 728 732 727 730 728 728 732 759 766 728 683 667 687 691 760 778 778 756 777 778
494 499 502 498 502 504 507 512 519 513 515 521 524 525 525 531 534 536 544 548 550 554 556 562 560 565 571 561 566 581 585 586 592 604 600 598 600 603 604 613 627 636 643 643 642 636 643 647 652 663 668 665 675 673 664 661 661 672 671 672 688 673 684 704 679 667 671 697 703 698 695 703 716 715 715 716 725 723 726 720 721 752 733 669 658 666 678 723 750 769 769 741 759 776
495 499 498 497 501 501 502 517 519 517 519 522 522 524 531 529 537 540 543 548 547 552 558 557 564 554 562 556 571 576 581 591 596 603 603 598 595 598 605 606 624 630 636 632 623 621 637 640 654 666 663 667 672 669 661 660 667 671 675 675 681 665 675 689 687 660 685 689 690 694 693 706 709 709 702 701 716 718 712 697 706 741 699 667 666 671 697 737 745 750 756 739 764 764
495 489 495 500 501 505 511 512 515 518 518 523 516 528 530 534 534 539 546 547 551 551 547 552 552 554 553 566 580 574 577 586 599 601 605 598 590 596 602 610 617 618 612 615 620 634 649 651 652 652 660 663 668 669 664 656 663 657 668 679 664 663 672 683 679 644 662 691 689 689 700 697 701 694 698 699 709 706 708 698 680 709 706 656 658 661 685 718 749 743 742 736 747 729
495 493 499 499 504 503 511 508 510 520 526 522 524 526 529 530 536 540 543 542 542 540 542 553 557 556 560 572 568 576 586 592 600 602 596 586 590 596 608 609 610 612 613 626 636 635 644 643 645 651 656 657 664 664 662 669 655 655 665 656 663 661 672 661 664 651 675 691 693 696 686 690 687 684 692 691 697 703 704 701 676 694 693 673 667 651 681 731 740 708 710 743 733 732
495 500 503 507 504 508 505 509 513 512 521 521 522 524 529 528 539 540 538 543 539 542 548 556 549 550 561 569 562 569 581 587 591 588 581 588 595 607 602 598 600 612 624 632 631 631 631 640 646 650 650 657 654 658 662 660 647 652 648 651 671 665 667 639 647 669 679 680 687 676 680 695 677 680 679 682 696 699 699 670 665 679 684 678 648 643 650 696 688 683 699 709 716 720
493 503 501 500 507 506 506 506 511 516 518 521 520 521 525 533 532 531 534 539 541 544 542 553 557 555 558 552 558 560 569 570 571 576 592 599 590 590 596 606 614 619 623 624 623 628 629 639 645 644 650 654 651 650 653 646 657 654 652 660 651 667 635 641 667 674 667 670 681 669 683 680 673 673 671 682 690 695 690 669 663 675 681 683 678 657 637 660 677 703 706 706 704 707
491 492 501 498 499 504 507 509 513 515 518 517 519 529 530 531 536 528 529 531 535 540 543 540 546 549 549 558 545 558 553 561 576 583 585 589 578 598 605 610 615 616 614 612 617 625 631 637 639 642 648 646 643 639 641 645 654 647 652 646 643 656 642 624 653 654 658 662 666 660 678 680 673 681 669 673 679 688 678 651 662 675 677 675 672 657 630 648 679 678 687 693 699 705
491 495 491 500 503 503 504 508 506 510 515 516 520 524 530 523 530 527 533 531 535 535 532 536 542 547 551 544 557 549 559 569 570 587 581 573 582 599 603 607 608 602 609 614 618 622 633 636 638 631 635 633 632 636 646 648 649 647 656 642 639 651 635 625 649 658 650 652 656 668 678 676 678 678 666 660 664 666 666 650 665 671 665 669 668 661 630 629 662 689 698 697 695 698
487 495 497 496 499 503 502 505 506 510 512 514 515 523 526 529 523 523 527 531 532 537 530 538 544 532 535 548 553 560 568 568 571 576 580 588 592 597 595 596 594 598 603 613 621 621 628 628 623 635 626 620 639 644 647 643 641 653 652 650 658 653 628 639 656 665 651 652 654 659 669 666 669 666 658 667 653 652 650 665 665 671 660 664 662 666 648 630 637 685 698 684 690 707
486 491 490 493 494 494 500 508 508 509 514 518 521 524 522 519 519 518 530 530 525 526 537 539 531 543 546 547 550 559 564 576 569 572 569 587 586 583 588 583 598 610 612 618 627 628 626 626 627 620 615 630 635 638 637 637 634 643 646 641 637 630 631 645 650 657 652 653 650 652 664 667 675 664 662 661 649 648 654 656 670 661 657 658 664 659 673 624 632 684 686 689 691 692
482 484 490 492 491 495 496 498 509 513 511 516 515 521 521 528 517 522 537 522 519 535 537 537 529 539 538 544 551 554 558 569 559 564 579 584 581 587 593 594 599 603 612 616 619 623 620 624 618 608 618 630 636 630 633 632 632 642 646 649 642 613 637 642 647 645 648 634 634 647 651 653 661 661 662 663 661 643 655 665 683 670 656 659 667 658 646 629 657 679 695 686 679 685
484 485 489 493 489 493 498 498 502 511 513 512 514 516 522 520 515 525 522 521 518 527 527 533 523 535 543 549 557 559 556 545 567 577 571 568 578 590 594 598 595 598 609 608 610 610 619 623 622 599 615 629 632 628 632 629 628 643 643 645 637 604 607 629 639 643 633 637 656 653 651 646 655 657 663 662 636 651 665 666 652 674 665 668 657 639 634 657 675 677 672 676 665 658
483 481 484 486 493 490 499 502 504 500 505 512 519 510 512 507 518 514 514 514 520 522 524 515 529 540 544 541 556 550 547 564 568 564 569 571 587 589 583 580 581 590 605 602 607 614 610 607 599 616 623 621 625 627 629 624 628 639 643 642 637 618 588 614 639 646 631 630 648 641 635 641 642 651 658 650 634 658 656 645 660 669 666 639 629 628 648 671 654 659 669 651 635 631
474 483 485 487 491 502 501 504 500 498 500 515 509 508 507 510 515 509 511 516 517 529 508 534 539 535 537 532 533 535 558 547 556 573 579 584 575 572 566 564 570 608 596 604 610 600 588 591 610 614 622 615 621 622 620 616 629 631 637 635 631 618 587 587 630 638 626 620 634 623 631 642 654 657 658 635 641 656 645 649 662 660 621 612 627 649 651 652 651 638 627 619 617 619
471 474 483 486 495 499 497 496 495 496 501 504 503 506 504 512 508 510 514 512 516 509 519 524 530 536 529 523 526 534 546 555 566 578 581 580 563 565 561 564 586 591 598 598 587 586 603 612 609 610 613 616 617 610 618 624 629 624 632 628 624 606 591 607 633 637 630 607 605 628 647 647 652 653 648 626 623 650 647 646 643 633 613 627 644 647 652 645 648 623 617 616 641 628
474 481 477 491 492 500 495 495 491 495 496 497 495 502 499 502 510 509 508 514 524 537 521 525 531 523 528 531 537 554 563 561 567 568 574 566 558 554 567 580 601 586 593 575 581 599 602 607 610 608 610 606 613 612 613 623 625 618 627 623 625 588 596 613 631 632 622 599 599 634 645 644 652 654 629 605 610 642 638 642 618 616 630 641 640 647 642 647 612 617 616 639 667 663
476 480 482 481 482 487 487 488 496 496 495 496 491 494 504 501 503 506 504 511 515 539 523 528 527 519 531 535 552 551 557 554 553 557 563 550 557 552 564 593 577 583 572 583 596 598 602 604 604 607 616 611 602 599 607 619 616 620 611 604 599 585 588 619 622 619 597 598 603 641 643 641 643 633 620 616 614 634 640 630 606 607 638 636 641 642 634 608 610 619 607 649 665 658
481 477 484 479 477 502 487 486 490 484 488 490 495 499 501 504 502 503 502 510 505 512 518 525 514 527 530 537 531 540 550 553 557 554 543 545 546 551 568 580 575 574 568 595 595 600 596 600 603 607 607 610 595 606 614 617 613 619 609 606 583 581 598 610 604 590 598 612 632 639 639 629 609 604 615 617 624 633 640 600 604 634 642 637 637 628 627 604 608 604 606 613 643 647
493 483 484 483 488 485 494 482 483 484 488 490 491 494 496 498 499 499 499 509 506 508 514 516 519 522 537 548 549 549 546 537 549 542 545 548 553 558 539 565 563 562 583 589 590 592 589 593 602 600 604 593 590 599 613 613 616 614 595 581 571 580 586 586 592 599 629 627 623 621 614 597 606 618 626 625 623 614 595 587 596 625 616 600 606 623 617 605 614 602 604 616 619 626
494 497 495 497 502 488 501 490 483 496 488 485 487 492 492 495 504 512 512 504 504 508 503 513 521 521 541 551 545 553 555 555 543 538 547 551 551 546 539 562 554 574 582 586 582 581 588 595 596 581 568 597 609 604 603 612 603 602 588 575 563 563 567 595 614 616 619 623 627 614 587 603 619 616 617 623 608 602 585 589 595 599 590 594 592 592 598 610 597 602 609 648 656 662
501 503 496 499 498 494 494 489 491 486 483 484 487 490 506 507 495 498 499 500 508 505 506 505 515 517 527 541 541 548 549 546 534 539 539 542 545 544 536 546 571 570 565 567 574 582 579 584 561 557 579 597 600 600 596 600 593 592 588 566 565 557 573 591 610 616 605 611 616 604 590 606 605 595 599 601 591 584 588 592 589 589 600 597 600 592 597 603 603 613 639 658 663 671
514 507 508 512 498 501 498 501 495 498 490 483 486 490 493 496 495 495 498 498 503 507 507 503 509 514 516 525 527 522 537 537 536 532 525 526 532 533 542 533 538 535 540 540 536 535 545 550 546 549 550 557 558 555 564 565 566 575 567 564 563 559 570 566 562 568 575 582 584 575 570 579 596 598 590 566 581 592 597 592 588 589 598 593 597 601 604 635 643 653 662 660 660 663
