data/out_eroded.asc
ncols         243
nrows         143
xllcorner     77.65375
yllcorner     30.237083333333
cellsize      0.00027777777777778
NODATA_value  -9999
[rows 42 to 83 of 143, columns 0 to 93 of 243]
484 478 469 463 463 461 458 462 462 455 458 459 446 431 420 425 433 431 426 425 415 421 422 421 436 436 431 431 427 423 413 418 420 413 419 412 422 422 414 414 411 414 413 410 414 417 420 420 421 420 424 425 428 432 433 436 437 442 443 444 446 456 462 456 457 462 458 459 467 465 462 467 469 473 474 464 465 469 474 477 478 483 481 484 492 494 497 499 499 502 516 506 513 508
520 507 502 492 491 485 481 484 480 485 487 476 463 452 453 451 452 446 440 435 424 431 435 433 437 450 442 451 439 426 427 429 423 421 421 413 417 418 421 419 421 419 416 416 412 419 418 422 423 423 426 428 430 435 435 431 434 436 437 440 455 454 452 458 455 456 459 461 464 459 458 463 467 462 467 474 468 470 472 473 481 480 483 491 493 497 498 499 500 507 504 509 508 513
534 538 531 520 514 510 498 494 494 486 493 480 466 466 470 468 472 463 458 450 445 445 450 459 451 458 456 464 434 435 432 425 428 427 416 427 428 425 422 423 424 422 421 420 418 418 422 419 427 427 423 427 426 428 434 426 429 432 436 442 443 444 446 449 452 457 460 461 457 456 456 458 460 461 468 472 476 476 469 477 483 483 486 488 485 486 491 494 499 520 503 513 515 518
584 592 586 552 548 532 526 510 509 501 508 517 521 513 508 502 486 475 485 494 498 490 480 484 482 475 476 457 450 442 439 428 432 429 433 422 429 429 428 431 434 430 427 421 422 419 421 423 427 424 431 420 425 429 425 432 435 438 439 438 439 443 447 443 453 455 459 453 453 454 453 455 464 462 463 467 467 467 474 473 475 477 482 484 490 487 490 492 500 506 516 512 526 540
637 628 625 600 588 571 570 549 529 522 517 548 541 531 525 511 508 491 501 509 505 503 509 496 495 488 479 480 466 451 445 441 434 428 435 434 425 437 433 435 430 434 434 427 420 421 421 420 425 420 428 425 428 423 427 430 437 436 441 442 440 441 442 445 449 453 451 453 454 461 460 453 457 466 462 464 468 475 476 475 477 477 476 480 482 492 494 492 507 515 527 528 534 535
682 669 675 637 626 605 596 578 547 540 535 557 545 539 532 524 511 509 507 526 508 504 524 510 505 499 503 505 488 471 462 451 442 443 437 427 439 445 444 438 431 434 433 436 440 430 425 422 421 424 423 419 424 419 424 429 435 434 434 431 439 440 445 449 444 448 447 450 451 454 453 461 459 455 459 465 462 468 472 480 470 474 481 482 485 495 494 501 518 515 523 529 526 523
700 708 728 668 677 653 648 616 595 562 542 563 559 549 545 535 520 526 529 536 522 526 534 532 513 514 512 510 495 491 488 487 480 473 462 447 451 447 452 448 441 436 445 443 438 434 430 428 428 422 425 426 421 428 428 430 431 432 429 421 431 437 442 442 443 452 446 449 449 450 454 458 457 459 458 461 462 468 471 474 477 477 475 476 483 491 494 508 513 518 524 526 523 522
710 732 725 701 708 684 695 665 611 583 575 581 567 565 560 551 530 544 541 543 539 538 541 526 529 537 521 511 517 502 506 505 492 495 482 472 471 471 470 466 461 447 443 444 438 433 434 432 430 424 427 431 429 424 428 426 430 429 432 428 425 432 436 439 438 444 445 449 448 454 456 456 459 464 462 460 465 465 469 471 471 475 477 479 479 488 502 508 519 515 528 518 526 528
752 779 736 731 716 710 705 678 632 588 606 610 582 579 578 566 545 560 564 561 557 552 551 540 531 541 534 524 519 500 512 502 501 493 489 474 474 485 478 480 470 465 457 450 440 439 439 438 433 436 436 436 439 437 434 426 433 433 434 433 429 429 432 435 436 434 444 452 450 455 453 451 450 456 461 458 457 462 472 471 469 475 478 481 481 490 509 496 497 503 509 511 522 517
802 814 795 783 767 739 709 667 631 616 645 657 639 617 596 580 568 571 577 573 571 567 562 556 555 551 543 537 538 522 514 509 495 500 502 476 475 489 488 489 479 477 487 480 472 457 450 454 458 447 444 441 447 439 434 439 431 434 430 437 433 434 431 431 432 434 435 442 454 451 447 448 454 448 454 451 457 465 470 468 470 481 478 485 488 473 485 492 491 504 508 506 507 519
834 832 825 826 805 743 703 669 636 629 672 693 662 643 622 604 576 580 585 589 582 579 572 572 566 556 553 547 544 526 513 513 501 501 499 468 482 509 503 494 486 485 495 487 477 467 458 464 477 473 454 444 443 445 441 435 435 434 432 437 435 436 436 432 443 441 440 437 441 443 444 444 447 450 449 453 458 458 466 473 479 479 474 473 472 468 475 488 492 496 493 498 500 509
851 873 879 835 806 757 716 662 639 648 689 720 676 688 657 630 617 607 603 593 599 583 587 583 570 563 555 553 541 532 528 518 515 510 506 481 499 516 503 492 489 494 494 484 475 480 469 467 483 485 477 461 452 450 450 444 442 437 437 436 434 435 437 440 440 439 440 439 436 441 436 442 444 445 448 452 452 452 451 457 465 463 469 471 475 477 481 479 480 492 503 497 510 518
756 796 837 776 738 704 678 655 688 697 714 731 697 721 690 653 648 634 629 621 602 592 595 586 579 569 561 552 546 537 528 527 518 510 500 493 482 502 505 499 491 500 494 495 484 489 489 478 482 489 482 480 469 444 439 442 442 442 439 435 440 434 439 438 434 437 442 441 434 436 438 435 442 445 448 449 450 450 452 456 461 466 469 471 471 474 479 481 479 487 496 496 504 517
698 724 729 703 691 680 670 688 754 747 773 764 727 748 723 697 689 669 647 639 605 604 605 591 583 574 562 554 552 539 536 529 517 517 526 478 420 514 509 498 491 507 505 502 500 505 502 491 491 486 472 484 484 471 456 443 445 446 443 444 446 440 439 441 439 439 444 446 442 438 436 437 436 439 448 450 453 457 454 458 465 463 468 471 471 482 484 484 484 490 491 495 497 506
673 672 687 704 683 677 671 717 819 831 821 802 760 752 734 739 711 677 659 639 636 627 610 596 586 583 568 559 546 542 537 531 530 529 529 425 426 520 515 507 509 524 521 507 508 514 509 501 482 478 491 488 484 482 478 454 448 449 444 446 444 446 438 440 440 442 445 446 446 444 441 441 442 443 449 450 450 452 455 460 456 462 464 469 480 481 480 485 486 486 492 492 491 498
670 650 645 683 701 697 679 714 788 862 842 817 787 787 772 755 728 689 646 656 660 638 614 603 589 577 563 555 549 545 541 536 535 534 525 415 492 520 511 509 524 527 515 508 518 520 517 492 485 494 499 484 492 493 484 468 464 455 449 451 448 444 440 443 442 443 444 444 445 446 445 440 442 444 445 449 453 456 457 457 467 463 464 472 479 478 483 478 483 485 490 489 491 493
613 622 647 689 697 696 690 713 756 835 868 862 831 838 808 770 714 679 660 688 677 654 630 616 602 590 577 566 558 552 557 547 541 533 518 422 505 524 501 515 530 532 519 516 517 523 517 488 506 515 505 495 500 485 476 474 471 467 452 447 454 452 447 444 448 445 445 446 456 445 449 448 442 444 446 447 454 454 456 457 460 464 467 469 467 477 480 479 480 482 491 483 489 491
591 623 650 696 694 695 694 703 711 786 896 911 890 839 808 766 716 668 687 722 702 685 651 633 611 600 589 580 566 579 565 559 548 542 524 429 515 525 505 516 532 526 520 527 523 520 510 505 520 514 505 493 484 480 487 480 475 478 465 453 460 456 456 453 450 446 447 447 461 469 448 451 449 445 447 447 452 460 458 461 460 462 465 469 471 474 476 477 481 485 487 487 491 495
617 629 639 639 646 654 669 658 689 744 839 875 870 806 754 710 678 738 746 752 719 695 667 645 624 622 605 592 582 576 567 561 556 549 468 407 523 536 526 515 530 531 530 525 527 508 509 517 521 514 494 491 490 504 502 494 490 480 477 472 461 454 456 454 455 463 454 450 451 447 447 449 451 452 446 452 449 456 463 464 461 465 465 469 468 475 472 479 487 482 480 486 490 500
628 594 601 625 627 620 636 668 697 707 730 744 764 738 719 706 751 772 808 777 746 724 694 676 653 640 618 604 590 583 566 567 560 552 470 450 535 539 537 533 533 539 544 541 530 506 514 526 515 516 493 499 511 515 499 499 505 499 484 476 473 474 470 464 460 456 454 446 452 453 450 451 450 452 453 446 483 453 459 460 470 477 472 472 472 473 475 477 478 481 483 488 491 492
607 586 575 581 594 634 661 661 655 673 703 700 724 721 704 746 814 799 818 811 764 727 726 717 675 647 632 611 596 589 579 577 565 557 446 446 540 539 541 537 535 543 544 539 525 513 522 534 525 511 509 504 512 518 509 499 504 504 483 481 480 472 467 460 465 463 459 454 447 457 453 451 453 452 448 451 457 447 453 456 471 466 467 471 470 475 472 473 479 484 486 486 482 487
576 574 587 611 623 613 620 645 632 632 651 687 717 713 714 750 812 821 831 799 778 743 708 681 670 659 638 614 594 600 589 585 574 563 417 469 559 546 544 544 535 539 543 535 506 513 532 531 530 500 507 508 520 523 521 506 497 491 493 488 491 478 479 474 471 467 459 458 451 454 458 461 455 452 453 456 474 448 453 454 455 457 463 469 468 470 474 477 474 475 485 487 495 492
555 579 613 586 601 602 640 608 630 665 686 704 738 733 741 749 820 866 867 820 766 769 734 718 722 669 630 612 607 605 599 591 581 542 391 538 570 552 549 549 541 539 530 529 518 511 538 539 537 517 522 512 523 526 515 503 505 505 507 500 497 495 473 462 464 463 454 452 457 457 461 465 455 461 459 462 455 452 457 459 457 458 458 465 474 471 474 479 478 477 488 490 490 492
551 573 565 555 558 588 588 601 638 670 682 693 721 750 759 771 803 896 848 838 818 769 752 727 689 665 646 616 613 614 612 599 587 558 390 565 556 549 547 542 534 540 538 532 532 530 535 537 532 519 518 518 527 525 515 502 511 508 504 512 501 500 484 464 468 460 468 467 465 465 465 469 459 463 462 455 463 461 458 457 454 453 461 459 462 478 475 477 474 482 482 483 495 495
560 555 572 597 611 609 618 632 661 662 655 682 724 751 784 792 792 823 873 871 810 785 764 727 700 716 698 649 625 629 614 604 592 569 516 573 564 556 548 532 526 528 539 541 534 541 545 544 532 524 535 519 528 528 529 530 523 517 515 508 498 506 504 481 480 472 461 468 469 468 467 462 465 466 470 460 465 466 459 458 457 457 455 456 461 464 470 478 482 479 482 486 484 495
560 601 627 632 607 602 613 618 622 637 673 693 721 753 767 753 749 786 799 809 834 814 766 750 728 743 719 669 627 617 613 602 589 565 504 572 561 547 541 529 534 532 514 537 537 546 552 548 522 524 534 524 528 521 522 520 524 517 502 507 507 511 487 474 476 473 476 464 471 473 467 472 471 472 463 477 468 464 461 462 461 466 457 460 460 461 460 476 476 480 482 483 487 487
540 559 571 571 592 597 603 603 627 651 662 653 686 723 730 737 730 714 733 773 842 791 751 723 698 679 670 648 649 626 614 604 608 516 541 571 550 552 539 534 540 538 535 532 537 541 547 536 534 531 536 528 529 517 518 524 526 517 509 509 515 521 503 488 475 479 471 480 480 480 476 474 472 470 464 474 471 470 464 462 462 459 465 462 463 459 461 462 471 477 485 486 489 485
552 553 565 603 623 616 635 643 657 650 651 675 693 730 714 704 703 700 682 725 792 794 764 748 735 708 689 694 687 650 626 624 613 512 548 564 553 554 536 539 544 542 545 546 539 543 542 536 535 538 530 531 536 527 524 529 521 515 521 520 517 517 504 505 486 484 478 493 496 486 477 479 477 475 470 476 476 473 464 467 462 464 462 464 460 469 456 460 467 478 485 487 481 489
629 623 624 650 619 667 665 684 684 718 685 701 711 691 689 674 675 670 682 710 740 782 795 771 748 708 695 726 727 688 646 635 625 524 585 581 572 562 561 559 560 552 549 544 545 542 531 531 541 535 532 529 532 527 527 530 530 527 525 522 524 508 510 515 503 488 491 502 503 494 479 484 486 470 501 477 471 475 474 465 470 468 459 465 465 460 471 477 460 471 475 476 481 490
752 700 678 688 692 673 683 730 740 733 729 721 697 686 679 638 665 656 685 683 689 714 762 740 735 729 735 752 736 696 673 644 636 593 596 599 587 591 580 570 564 559 555 551 550 544 528 532 536 540 535 532 529 532 534 535 535 531 535 532 524 521 517 528 517 491 508 504 503 500 493 487 492 478 488 488 477 478 480 473 482 481 461 466 468 466 463 458 466 463 469 468 476 488
806 754 745 764 757 716 718 761 736 714 716 726 695 677 657 645 656 639 648 657 676 705 769 770 758 776 776 726 694 710 695 654 633 578 596 599 588 588 583 578 567 563 560 544 546 541 537 534 541 539 529 535 539 539 534 537 534 532 535 533 528 528 529 527 525 523 516 519 511 501 516 496 497 482 492 487 480 477 477 477 481 474 466 474 467 472 468 467 461 463 465 469 475 478
710 739 781 754 767 785 781 754 703 694 700 712 668 647 628 618 634 622 607 639 659 698 736 792 804 792 761 747 739 712 663 672 640 572 585 607 598 590 584 582 576 573 559 558 550 539 536 549 542 542 531 542 544 538 541 534 533 542 541 540 534 533 537 534 535 530 524 540 526 517 515 500 502 492 501 491 487 487 486 493 481 476 479 486 477 472 470 470 467 463 464 468 475 477
623 711 684 650 693 772 764 730 722 671 670 655 660 664 639 614 619 606 635 648 673 686 703 769 802 785 775 763 718 704 731 701 651 568 573 609 592 597 588 585 576 564 569 571 564 555 556 552 548 546 532 550 550 545 549 539 544 550 546 542 548 542 537 540 539 535 533 534 531 534 522 515 514 499 513 507 494 504 505 497 479 485 485 479 480 473 474 481 474 474 459 468 472 475
663 697 653 605 592 685 695 726 734 724 670 664 642 631 609 613 600 614 631 647 655 688 718 760 786 787 765 726 716 732 746 715 669 615 589 616 596 599 596 585 579 569 577 572 568 564 562 560 560 557 556 541 557 561 556 556 557 553 559 552 554 553 542 555 548 543 538 540 542 541 530 526 515 528 526 521 510 506 500 493 486 490 488 489 487 481 490 478 488 470 472 484 476 479
682 633 661 631 580 577 619 694 774 766 737 683 625 630 622 598 599 622 638 654 661 678 699 720 738 791 763 750 759 717 690 683 682 623 603 622 611 603 599 593 583 586 582 574 571 572 559 568 563 561 548 559 564 570 570 562 559 561 566 560 558 555 558 554 555 548 546 547 547 544 535 529 520 532 532 523 526 512 504 507 504 501 497 505 491 489 490 489 475 478 472 467 470 481
616 594 641 608 560 548 598 679 752 777 717 653 616 600 616 594 606 620 625 631 660 677 684 705 723 769 792 782 748 749 721 722 709 637 623 620 614 604 597 587 589 585 585 575 577 565 577 569 561 567 551 564 566 567 569 569 568 575 577 570 563 566 559 560 556 557 556 556 552 551 542 525 545 539 537 534 534 528 521 517 514 504 505 502 494 496 490 482 488 488 479 474 486 485
557 564 597 544 513 565 602 676 779 779 692 639 612 575 592 615 594 603 621 657 638 643 666 684 704 723 782 784 759 738 731 687 666 654 616 633 626 607 610 596 598 590 587 590 580 570 577 579 570 568 575 561 574 578 580 574 575 576 584 577 569 566 568 566 562 562 561 563 558 558 551 536 547 544 540 546 544 537 538 525 534 525 517 503 506 497 501 496 488 491 489 482 488 470
545 589 546 511 525 573 581 640 723 776 709 633 565 567 591 612 613 635 637 622 644 654 666 668 687 712 757 775 733 718 703 710 731 658 614 625 622 617 609 601 599 598 594 582 587 589 580 588 567 577 580 583 567 583 585 588 588 589 588 583 580 576 574 568 570 567 567 568 574 563 561 547 554 554 552 548 549 544 536 530 533 537 540 517 505 500 502 495 497 496 487 496 495 481
575 547 507 514 557 611 604 609 664 681 622 590 548 601 640 668 641 600 613 607 619 638 659 657 679 704 715 745 755 732 755 748 705 665 623 627 629 617 603 608 602 598 595 599 596 585 593 594 597 590 594 589 583 572 594 596 599 597 589 585 586 580 580 573 578 576 575 574 575 569 559 554 568 560 564 559 551 549 544 538 544 540 540 534 524 509 500 507 505 504 499 489 493 497
517 492 475 542 593 603 647 661 675 643 584 549 554 610 648 631 579 588 592 606 632 628 648 651 654 653 681 724 772 770 740 723 697 660 647 640 628 615 618 618 614 595 602 611 605 602 597 603 604 608 605 607 609 599 593 607 604 604 600 593 596 594 591 584 594 586 582 586 577 581 558 572 572 571 565 564 558 552 545 543 554 553 547 540 536 521 519 513 508 506 499 500 499 500
470 477 508 550 622 639 638 614 600 575 580 550 545 633 575 582 605 606 578 604 610 630 656 620 642 657 664 688 744 751 748 728 705 679 659 643 628 621 628 626 621 606 613 616 609 609 604 620 619 616 611 617 613 603 614 612 615 616 613 607 602 600 591 598 596 599 584 592 586 568 575 571 579 579 576 569 560 552 550 548 553 552 549 550 528 534 536 532 519 512 515 504 505 504
461 496 551 545 547 609 602 570 589 587 546 501 555 539 588 638 644 585 574 593 602 606 597 630 618 644 649 672 707 739 712 707 680 665 666 643 638 636 637 632 624 614 624 625 628 626 623 619 633 633 629 636 626 609 620 623 625 622 614 613 606 610 595 608 605 606 600 605 581 596 584 584 586 586 585 578 577 568 565 562 565 561 556 553 539 550 544 536 531 527 530 518 513 504
