data/out_eroded.asc
ncols         243
nrows         143
xllcorner     77.65375
yllcorner     30.237083333333
cellsize      0.00027777777777778
NODATA_value  -9999
[rows 0 to 41 of 143, columns 0 to 93 of 243]
476 475 477 476 481 502 503 464 462 457 457 450 435 410 415 434 440 437 424 429 427 430 430 438 461 477 481 479 472 484 477 488 497 487 477 475 476 473 476 476 475 479 483 479 474 473 477 477 465 464 456 459 476 464 467 447 440 435 431 433 442 442 452 439 438 457 455 456 449 447 445 443 444 446 464 462 464 468 474 474 469 464 450 457 462 465 460 461 485 486 498 497 500 504
473 472 482 482 504 521 520 476 459 456 458 452 437 413 416 418 439 446 426 425 428 424 427 437 450 470 468 466 460 475 463 473 485 476 467 468 470 468 474 473 471 469 467 460 462 468 468 466 464 462 455 457 452 463 453 431 429 434 445 442 443 441 449 444 445 444 452 465 444 444 442 441 443 467 482 475 468 469 473 473 475 473 462 457 465 466 461 473 481 502 500 499 505 508
474 471 474 503 539 530 522 494 459 459 455 450 448 410 409 417 427 437 422 418 418 430 425 426 456 462 461 473 469 460 461 467 470 467 462 471 465 463 461 464 463 468 459 456 456 459 462 455 460 460 457 451 443 437 434 437 447 451 446 449 437 439 438 439 439 450 461 449 439 434 434 439 454 474 476 467 468 469 467 467 467 471 478 469 472 474 477 480 498 511 518 511 503 505
472 473 480 515 556 559 543 508 460 456 455 450 446 414 409 410 415 416 419 418 417 413 418 421 449 452 453 457 462 452 451 459 464 463 462 466 458 459 456 456 453 455 458 460 453 453 450 453 455 457 450 434 441 430 435 448 446 453 453 440 438 439 437 438 442 455 444 435 434 433 437 455 471 466 461 462 464 465 467 469 470 475 476 478 482 476 475 482 500 509 515 516 514 518
470 472 489 523 567 571 561 519 464 454 452 454 450 423 407 409 406 417 412 414 421 412 416 437 452 450 447 449 446 446 454 457 463 454 461 459 457 459 453 457 450 450 452 454 452 451 457 453 454 446 439 426 421 428 439 445 441 440 441 435 437 435 436 441 447 446 436 438 436 433 454 467 458 460 462 462 463 471 470 469 473 474 475 475 475 475 477 489 501 507 512 517 519 518
475 478 505 555 575 580 566 543 474 457 455 452 450 434 407 410 413 413 408 408 415 419 423 426 430 441 440 437 440 444 446 450 453 453 448 457 452 450 449 450 452 454 451 450 448 455 450 449 433 425 432 431 430 429 433 439 444 437 430 432 434 436 436 436 435 429 438 438 454 452 470 464 468 460 462 460 469 465 468 469 470 475 481 473 475 479 489 493 490 503 510 510 511 515
488 512 549 578 570 576 561 547 467 454 451 451 449 439 419 412 424 412 408 409 413 416 417 421 427 436 435 439 441 442 441 445 446 444 447 449 452 448 452 450 450 451 448 448 455 453 441 427 426 424 431 436 431 424 428 440 438 436 441 439 438 433 436 431 430 433 436 443 455 471 460 458 458 463 461 466 469 471 473 471 474 473 472 476 476 476 487 493 487 496 495 503 510 518
522 580 575 572 570 571 538 498 469 462 449 451 446 441 424 399 411 412 406 408 419 415 425 427 431 432 443 439 439 441 441 442 444 442 443 446 449 448 452 453 449 451 453 442 440 448 423 424 423 433 432 427 426 427 435 436 430 434 440 440 435 427 432 431 432 433 438 452 471 454 457 454 461 463 465 466 467 468 465 472 474 473 478 479 479 484 489 490 484 490 501 504 512 515
521 572 574 568 574 578 562 501 457 448 450 447 444 444 438 418 409 409 416 413 409 406 418 418 422 430 437 439 440 441 442 440 444 441 446 449 445 446 446 453 443 436 437 433 432 424 425 426 430 432 432 430 430 433 437 434 428 433 436 436 436 442 450 450 449 453 456 461 454 456 463 466 463 467 460 469 471 467 472 472 471 474 476 486 479 480 486 489 492 496 495 502 507 514
500 557 575 564 566 562 526 480 458 444 443 443 445 440 440 417 401 407 406 411 416 402 414 420 420 425 439 435 439 440 438 439 438 442 441 442 445 443 440 440 429 431 433 433 427 427 429 437 439 438 430 431 429 423 423 429 428 433 442 442 444 448 444 459 457 456 457 456 455 457 460 465 462 467 465 471 468 473 468 470 472 478 488 477 479 483 485 492 494 500 500 497 505 509
500 552 575 576 539 506 476 455 444 440 443 442 439 440 437 418 396 404 404 401 403 396 418 421 417 431 437 437 436 434 437 439 439 436 440 442 433 431 428 427 431 434 429 424 426 428 430 427 422 426 427 433 429 429 431 438 436 437 440 444 444 453 465 455 452 453 458 459 458 455 464 465 465 466 468 467 464 467 469 476 483 481 479 480 485 481 485 484 485 492 498 499 507 520
492 549 564 560 540 491 458 452 442 441 442 439 442 432 423 418 398 397 395 392 396 410 412 414 413 429 435 433 432 434 438 441 442 437 426 423 422 428 427 427 424 435 428 420 425 424 426 421 421 426 432 429 432 428 434 433 430 438 440 442 454 462 454 454 457 455 460 457 460 464 463 462 462 468 467 468 472 475 476 479 479 480 479 479 492 481 483 487 495 498 505 496 500 506
518 542 513 499 491 465 451 448 447 439 433 442 434 425 419 415 404 403 396 402 401 415 411 414 414 414 430 435 435 430 424 431 425 430 427 431 427 419 435 428 432 421 419 423 422 436 426 422 426 426 431 430 428 428 434 440 434 438 436 458 457 454 453 454 453 454 455 462 462 462 463 464 466 466 463 471 468 471 473 477 481 478 480 485 478 480 488 499 501 502 509 509 504 501
520 506 474 468 456 440 447 438 437 443 437 435 416 419 420 418 407 399 398 395 397 396 415 413 413 412 432 425 416 424 421 422 427 425 429 424 422 433 424 428 432 426 423 426 429 430 425 426 431 433 434 430 430 433 440 433 436 437 451 477 450 453 453 452 455 457 459 461 464 469 467 464 470 468 463 468 466 474 475 476 474 481 483 479 483 484 490 499 509 511 507 502 505 521
468 469 455 440 430 432 436 438 438 439 427 425 423 422 418 417 400 397 392 397 384 397 410 411 414 415 418 419 421 422 422 421 427 424 424 422 421 427 426 431 431 425 420 427 428 420 421 427 424 431 427 427 433 434 433 432 434 447 473 454 450 454 447 449 451 454 459 465 465 464 470 474 467 469 465 468 471 477 472 477 474 478 477 488 489 492 496 499 506 506 502 510 513 515
439 438 428 426 433 434 434 435 436 436 422 416 424 416 415 413 410 393 384 400 411 404 406 411 413 417 419 419 419 420 423 419 425 425 423 419 419 423 420 420 422 425 432 422 423 423 425 428 422 434 426 433 439 440 438 439 442 453 476 446 453 453 454 470 466 463 461 462 470 470 468 466 472 471 472 472 478 475 473 476 478 476 482 488 492 492 495 497 500 503 508 504 515 513
428 431 432 435 425 427 431 432 436 435 423 416 416 417 416 418 417 394 375 391 404 406 405 410 415 415 417 415 418 419 418 425 418 412 413 420 423 421 420 421 423 427 422 420 418 435 426 427 423 432 426 434 433 442 441 447 459 461 451 450 452 454 462 463 469 462 468 471 468 474 469 468 469 469 471 472 467 472 472 473 476 478 479 481 489 488 496 501 510 502 510 506 511 517
429 430 428 434 429 426 433 437 437 435 424 419 409 414 414 425 411 390 392 376 415 406 415 412 416 412 415 417 414 417 414 419 410 415 421 423 423 420 426 423 414 420 412 417 423 427 427 428 427 426 431 433 437 442 449 459 457 449 449 454 454 456 464 454 462 467 467 463 462 465 469 468 472 471 470 470 472 474 471 476 484 482 489 496 505 513 510 503 519 521 534 528 520 532
430 428 430 428 425 430 428 430 430 432 419 414 411 411 417 399 399 392 399 394 410 413 411 414 413 411 411 412 416 420 417 414 417 429 442 432 417 425 418 421 419 416 422 425 425 424 420 427 432 431 430 434 442 453 458 451 453 455 452 460 458 467 464 468 470 463 460 459 463 467 473 472 465 466 466 470 470 480 478 474 483 483 497 506 509 514 519 523 526 525 534 540 540 529
423 429 429 426 428 431 426 428 428 431 418 411 412 411 410 404 403 399 412 412 410 412 413 411 412 409 403 409 404 417 412 412 419 426 421 428 420 417 422 421 415 421 423 422 419 419 421 427 430 436 443 450 450 452 447 457 455 461 453 464 457 462 460 460 459 462 460 460 464 473 466 467 465 468 466 468 470 474 479 476 484 489 498 507 507 508 521 520 526 533 539 538 542 537
432 427 428 429 426 422 419 424 427 425 420 407 407 414 403 413 403 407 423 412 406 408 407 406 405 408 406 415 423 417 413 415 426 424 421 421 418 419 414 412 419 420 422 421 423 420 426 434 450 458 453 450 453 454 447 450 451 460 452 455 459 456 455 458 456 460 462 468 469 467 465 463 470 469 468 471 473 475 476 486 490 502 507 503 512 521 522 522 523 534 537 541 547 551
425 427 427 422 419 420 419 420 420 420 430 409 407 412 397 400 406 414 405 408 412 404 405 404 404 406 405 413 417 414 411 414 421 422 428 420 423 418 409 412 420 420 422 429 424 429 448 454 458 450 452 448 445 443 447 451 452 456 455 453 453 458 461 456 459 463 464 468 463 464 467 464 464 468 468 473 474 477 481 488 497 504 504 505 509 516 520 529 527 526 531 534 540 547
422 423 432 429 422 427 422 419 417 425 427 420 406 397 402 410 418 402 393 403 400 404 409 407 406 408 405 407 413 411 415 413 418 439 417 422 417 411 415 418 419 414 423 435 444 448 460 454 444 448 447 444 440 443 445 453 453 456 459 454 454 464 465 457 456 460 463 468 462 462 466 466 463 464 471 469 466 476 486 493 502 500 501 507 510 512 508 515 519 527 531 534 539 540
425 422 428 424 424 421 422 421 421 416 413 416 413 409 410 426 413 398 390 393 398 413 415 411 416 408 405 413 414 415 409 413 426 420 429 416 415 411 414 416 426 433 441 447 446 443 448 443 445 442 446 444 446 449 450 456 459 465 455 453 459 466 462 464 460 457 461 463 461 459 462 469 464 467 468 467 472 476 475 488 498 499 502 508 508 513 509 512 516 521 528 529 536 543
418 420 419 416 415 421 421 424 414 410 403 400 411 410 407 402 414 391 390 384 403 402 406 411 412 404 405 406 408 411 411 411 416 415 420 413 411 418 422 431 438 438 436 446 442 442 440 444 443 440 444 443 446 453 454 459 458 461 455 453 458 454 455 453 457 460 458 457 461 462 466 465 462 464 468 467 478 478 483 482 502 503 504 517 516 512 517 520 522 524 529 532 542 544
410 417 418 417 414 404 398 398 388 389 402 402 405 406 390 379 400 388 396 399 401 409 403 414 407 407 409 409 410 415 412 410 412 412 419 431 430 434 436 436 439 443 443 430 434 445 448 441 441 440 441 441 452 448 448 448 452 459 457 457 453 454 452 453 454 459 454 459 459 461 465 464 466 463 468 470 475 480 485 492 498 503 499 502 505 514 515 521 525 534 538 537 533 536
391 401 403 399 394 392 393 390 394 399 401 401 399 405 393 375 394 399 401 399 400 398 407 412 404 408 408 405 409 411 415 426 428 429 430 432 429 430 432 441 446 445 441 438 436 439 444 433 438 442 446 452 451 444 445 447 453 452 454 452 449 451 451 457 465 460 458 457 463 465 463 464 465 463 464 470 473 475 484 489 494 490 500 506 511 515 518 517 525 526 530 531 540 542
397 393 388 389 390 393 396 397 400 401 398 389 396 393 395 384 408 400 398 404 405 413 400 405 403 413 409 427 426 422 427 424 430 433 437 433 431 437 444 446 434 437 438 437 436 440 442 437 442 444 445 452 445 443 447 453 452 454 453 454 458 460 457 456 459 456 457 460 462 462 461 465 466 468 463 468 480 479 481 483 479 482 488 496 497 495 501 501 513 521 525 534 530 540
388 390 390 392 391 394 383 389 390 387 391 393 390 397 395 404 398 389 391 395 404 405 404 401 409 407 419 428 431 437 429 426 430 430 430 434 433 439 434 432 431 430 435 433 437 442 447 441 446 453 443 445 447 446 445 449 452 448 450 452 454 456 456 455 458 453 456 456 458 456 462 461 465 466 466 469 475 472 481 487 482 487 493 494 498 498 496 504 508 515 518 523 522 528
399 395 399 392 393 396 394 390 394 392 388 390 391 390 393 392 392 395 396 398 399 406 410 407 409 421 426 428 436 434 430 432 434 434 435 439 435 433 432 432 434 434 434 441 442 437 438 441 446 450 448 446 444 446 446 446 452 450 450 451 447 447 454 454 455 458 458 457 456 461 462 460 461 465 469 469 477 476 476 479 481 490 492 499 499 504 501 512 517 525 527 524 528 531
386 384 388 392 392 388 387 384 390 394 397 396 397 397 396 393 392 400 401 411 423 425 421 427 439 440 436 434 433 434 428 428 426 429 435 439 440 438 432 430 431 434 431 436 445 449 446 448 439 440 448 446 446 443 446 451 449 450 448 449 447 453 452 451 453 457 456 455 460 456 458 463 464 465 466 471 470 472 478 479 484 491 496 500 503 500 508 515 521 524 518 522 535 540
385 392 403 393 393 394 402 407 404 406 410 393 392 390 394 397 403 406 419 425 427 431 430 432 434 431 432 430 431 432 428 429 435 432 430 437 434 435 436 436 435 435 438 433 439 444 443 438 441 438 442 442 444 446 448 446 444 451 444 448 449 450 452 448 452 455 455 460 460 460 463 469 470 472 468 472 472 478 480 479 490 492 498 501 499 504 505 516 518 518 511 523 531 531
398 406 399 399 397 399 394 402 395 395 395 389 389 390 403 418 413 416 420 421 422 427 428 430 428 427 430 432 439 433 429 422 430 430 432 429 429 437 432 432 438 446 437 440 446 443 442 449 439 441 438 447 450 442 448 447 448 447 445 445 455 455 454 453 455 459 460 460 457 463 466 466 472 472 472 474 481 479 483 486 491 490 493 495 501 497 499 503 507 507 514 520 531 528
403 407 394 399 392 383 394 404 400 394 386 394 406 405 412 416 423 421 427 427 423 418 418 432 430 428 428 428 432 429 426 427 419 425 428 426 430 430 436 433 434 436 435 436 435 439 439 438 445 441 444 439 449 445 448 444 445 446 443 449 447 447 454 452 459 464 464 467 464 469 469 470 471 474 472 475 481 475 481 485 487 487 484 495 496 494 496 498 503 506 511 520 520 525
408 393 396 395 391 386 394 396 398 394 407 390 399 396 403 409 428 423 417 418 418 420 425 424 428 430 424 426 420 423 431 428 427 424 424 431 430 434 435 435 434 438 434 436 435 436 438 437 439 441 441 441 443 444 448 442 444 449 445 450 450 451 454 457 460 463 462 465 465 461 464 464 469 467 470 480 476 474 478 480 484 491 490 500 498 503 498 501 503 504 507 516 523 526
382 385 387 386 390 384 402 391 384 392 391 387 393 394 397 399 399 401 409 409 415 420 422 425 426 424 423 424 424 421 424 428 423 422 427 428 425 439 434 430 435 434 434 432 437 438 437 436 442 436 440 439 437 442 456 456 443 445 443 449 449 450 455 455 459 466 463 467 470 465 462 464 467 472 472 475 477 473 479 481 486 492 493 488 490 489 497 506 502 511 511 511 516 518
388 391 386 388 385 394 412 389 378 385 388 391 388 395 395 396 407 394 398 400 400 403 405 408 410 412 415 414 419 417 417 421 422 425 418 417 424 440 441 438 434 436 432 434 436 435 439 440 442 437 433 438 449 439 444 446 442 443 443 445 447 449 456 457 458 468 461 465 467 466 465 465 469 465 471 472 477 477 477 486 482 486 487 492 491 499 497 500 495 508 506 513 513 516
385 393 392 400 395 409 416 401 389 394 395 403 388 398 396 400 400 404 402 401 399 399 404 408 406 404 406 410 412 412 407 408 416 409 411 412 419 431 433 434 437 434 435 432 433 431 435 435 439 433 432 437 439 437 437 439 441 443 447 444 447 456 458 452 456 458 459 460 466 462 465 466 470 476 474 472 476 481 482 484 483 485 485 493 491 491 496 492 498 496 499 506 517 520
396 397 397 396 402 405 409 411 399 403 407 398 404 404 397 402 406 402 397 402 396 395 395 405 408 411 410 408 410 412 410 410 409 412 411 412 412 407 410 412 418 415 418 428 432 433 434 439 439 433 436 438 436 438 441 444 441 442 444 447 446 447 461 458 457 457 459 464 465 467 469 469 471 477 474 475 477 473 475 477 485 489 486 489 495 494 496 501 504 504 510 510 518 521
406 407 401 405 412 412 409 413 410 425 417 417 407 409 404 400 405 397 405 410 397 400 404 402 408 410 414 422 430 408 410 410 424 412 433 419 418 412 404 409 411 415 416 422 424 432 430 439 435 432 438 437 436 441 442 438 442 437 446 446 449 454 455 456 456 456 458 457 461 461 464 469 472 471 472 470 475 480 481 483 484 486 485 488 488 492 496 501 508 511 511 516 518 518
417 417 422 414 419 417 412 422 427 440 426 417 417 413 408 418 414 414 401 409 409 410 409 413 410 417 411 412 412 413 409 412 410 412 414 420 407 417 406 409 412 411 419 423 422 424 419 424 430 429 436 437 437 439 439 443 441 441 443 442 447 452 455 465 457 463 458 462 464 462 463 466 464 470 477 476 478 479 480 483 482 485 487 495 496 497 498 501 507 511 515 514 521 513
446 437 432 429 426 420 426 449 443 461 432 431 422 416 411 418 422 416 415 404 416 417 417 422 418 418 419 424 418 415 425 412 414 414 430 415 411 414 418 407 411 413 411 416 420 422 421 424 428 426 431 431 432 435 436 443 447 446 444 440 452 453 462 460 455 462 465 462 465 465 464 467 467 468 478 482 478 485 478 480 480 482 483 490 489 494 493 497 501 507 511 512 514 514
