Outputs/eroded_cleaned.asc
ncols         243
nrows         143
xllcorner     77.65375
yllcorner     30.237083333333
cellsize      0.00027777777777778
NODATA_value  -9999
[rows 42 to 83 of 143, columns 0 to 93 of 243]
484 476 466 462 463 457 451 462 461 449 458 458 444 429 417 423 432 431 425 424 417 420 422 415 436 436 431 430 425 423 412 415 420 417 418 415 417 413 414 413 410 414 412 411 413 415 419 426 427 424 425 424 424 425 432 436 436 442 442 444 443 456 463 456 457 461 458 459 467 463 461 467 468 473 470 468 468 469 472 478 475 483 475 477 491 495 496 498 494 502 517 508 513 519
520 504 501 492 489 486 471 483 473 483 487 475 461 451 453 449 450 446 440 433 425 431 435 427 435 450 440 450 439 427 422 429 416 421 421 417 415 418 421 414 420 417 411 414 417 419 419 420 423 422 426 428 428 433 435 429 433 435 438 435 453 454 453 458 455 456 459 459 464 456 457 463 467 459 467 474 467 472 472 471 481 481 483 489 492 496 496 498 500 504 503 507 512 513
533 538 530 517 515 507 496 487 494 474 492 480 464 466 470 466 472 463 453 449 445 445 450 458 448 457 454 462 433 431 429 418 428 427 417 427 428 424 421 417 423 420 419 416 420 419 420 420 427 427 423 425 426 427 434 426 427 429 431 442 442 445 446 448 451 455 459 461 455 456 453 457 458 460 465 472 467 476 468 476 481 483 487 486 484 484 489 492 497 499 499 512 515 515
584 591 585 553 548 530 519 510 508 488 507 517 521 512 508 500 486 466 484 494 499 485 482 484 481 473 475 459 447 440 433 424 432 422 431 428 428 428 427 430 432 430 427 424 417 419 421 422 426 424 421 421 424 423 425 430 434 438 438 437 440 443 447 442 453 454 458 450 452 453 457 457 463 462 463 466 466 473 474 473 475 477 482 483 488 483 484 489 499 505 515 510 526 540
636 628 625 600 586 564 569 548 525 517 510 547 540 530 524 510 508 478 500 508 499 505 509 495 494 488 482 475 464 445 442 439 426 430 432 434 426 428 433 433 434 434 432 418 425 421 421 425 424 420 427 424 428 421 423 429 436 436 441 442 438 439 438 445 448 453 447 452 454 461 458 455 457 466 460 463 468 475 476 475 476 475 480 478 481 492 491 487 502 515 526 528 532 534
682 669 675 636 617 604 595 573 543 539 528 557 543 538 531 522 491 509 506 525 508 502 523 510 505 503 499 505 482 467 460 443 436 443 436 425 435 445 444 438 434 434 425 434 440 430 424 424 424 423 423 423 423 426 422 425 434 434 433 433 439 433 444 448 442 447 443 450 449 454 451 461 458 457 459 464 461 468 472 480 473 474 477 480 485 494 494 500 517 509 519 527 526 524
700 708 727 657 676 653 643 613 594 560 539 561 558 548 544 529 511 525 529 536 521 526 533 531 516 507 511 504 492 489 481 483 480 470 459 447 450 442 452 448 436 426 445 443 438 428 431 429 428 424 425 426 423 428 426 429 431 432 429 430 430 436 439 439 441 452 440 447 450 449 454 456 456 458 457 460 462 467 469 471 477 476 467 472 483 492 490 507 511 516 523 525 523 524
709 732 721 694 707 677 694 664 608 583 573 580 565 564 557 548 521 543 540 542 540 537 541 529 521 536 516 509 517 494 505 505 489 495 482 471 471 463 470 461 458 447 436 442 431 433 434 426 431 423 424 429 428 422 428 428 429 430 431 431 431 430 433 439 434 438 445 449 447 454 456 456 457 463 461 457 465 463 466 471 478 466 477 479 474 484 500 507 517 514 528 517 525 528
751 778 734 728 713 707 705 677 632 585 606 609 582 577 575 563 537 558 564 562 555 552 551 539 529 537 533 523 515 500 511 501 499 483 488 473 465 485 474 477 470 462 452 447 442 439 432 439 432 435 435 433 437 436 434 432 433 432 432 433 430 430 432 433 435 438 443 452 449 455 453 450 447 455 460 458 453 457 471 469 465 475 478 481 480 488 507 493 495 499 508 510 521 519
801 814 792 781 765 738 708 664 629 615 645 657 637 616 591 578 561 571 577 572 570 567 560 554 552 547 541 531 537 519 514 504 496 498 502 472 472 488 486 489 476 472 483 481 472 456 443 453 458 447 443 439 447 436 432 440 433 431 431 436 431 433 431 434 434 438 437 439 453 450 446 446 453 442 453 446 455 465 469 465 470 481 478 485 488 478 481 491 483 503 507 504 509 510
834 830 823 825 804 743 702 669 637 625 671 692 662 638 620 601 572 580 585 589 583 576 568 570 562 555 549 546 542 521 509 514 503 498 492 481 480 508 503 493 481 485 494 487 475 464 452 463 477 472 452 444 441 445 440 433 441 434 435 432 434 436 435 435 441 440 439 437 440 442 443 445 441 449 444 453 458 455 461 469 479 476 473 472 476 478 477 479 492 495 490 495 497 509
850 873 879 834 806 757 716 661 635 647 688 720 669 688 657 629 614 606 603 593 597 578 585 580 570 559 550 553 538 528 529 519 512 506 505 480 499 515 503 492 484 494 494 483 470 479 469 463 480 485 475 460 451 450 449 443 439 437 437 432 435 436 438 439 439 439 439 439 437 440 441 442 443 443 448 450 452 447 453 457 464 453 469 467 474 477 479 479 477 488 501 497 509 517
754 795 836 776 737 704 678 651 686 697 711 731 690 721 689 650 644 633 628 622 601 589 591 586 575 562 562 549 542 538 529 523 515 502 489 493 480 501 505 497 487 499 493 495 481 488 489 474 482 486 480 480 467 443 441 443 443 443 439 433 438 438 438 437 442 441 441 441 439 440 441 441 441 445 448 444 445 453 452 451 451 466 464 471 467 469 479 479 478 485 495 495 502 515
698 723 729 702 690 678 667 687 753 745 773 763 723 748 721 692 688 668 648 638 602 601 605 588 578 572 559 552 552 541 533 527 506 516 524 468 430 513 509 498 489 506 505 502 495 504 500 489 490 486 480 483 483 470 451 445 445 446 441 444 447 440 441 439 437 443 442 445 441 439 438 443 441 442 447 451 453 457 449 457 464 463 467 471 471 482 483 482 484 489 490 492 494 506
672 670 687 704 682 675 670 717 818 830 820 801 757 749 731 739 710 676 657 631 632 626 608 590 583 583 566 558 547 529 528 522 529 529 529 423 426 520 515 503 507 523 520 507 502 513 509 500 482 482 491 487 483 479 477 452 444 447 443 445 444 448 442 440 442 438 444 446 446 445 440 439 441 442 449 449 446 447 455 458 460 461 464 467 479 480 480 485 483 484 491 491 485 492
670 649 642 682 701 697 678 715 789 860 841 817 784 786 771 755 727 689 633 654 659 637 609 598 587 576 560 549 541 544 540 535 534 532 524 429 490 520 510 506 523 527 515 504 516 520 517 491 484 493 497 484 490 493 482 463 463 456 448 451 447 446 441 445 441 443 440 443 444 446 443 446 445 441 442 445 453 453 456 450 465 454 460 470 478 477 483 479 481 484 489 485 491 493
613 618 647 689 697 695 688 714 755 835 866 861 828 838 808 769 714 678 646 689 676 651 626 613 603 587 572 565 557 550 556 546 540 532 517 427 505 523 510 513 528 532 518 512 516 523 517 483 504 515 504 495 500 484 465 472 471 467 451 450 452 451 438 442 448 444 443 445 444 444 450 447 445 444 447 447 454 449 451 457 449 464 466 469 468 473 476 479 476 483 484 488 484 491
591 623 650 696 694 694 693 701 711 784 894 910 889 839 807 765 716 656 684 721 701 682 649 633 608 597 588 578 566 578 565 558 546 541 524 429 513 525 513 516 530 526 518 527 523 520 510 500 519 513 505 492 475 473 486 479 475 477 465 451 460 446 455 453 446 444 447 446 445 449 447 451 448 446 446 455 448 459 457 460 458 458 460 465 471 469 475 470 478 485 486 483 491 495
617 629 638 638 645 654 669 655 686 742 839 873 869 804 754 709 667 735 744 750 715 694 667 641 620 622 600 592 581 572 563 551 556 550 467 407 521 535 525 511 529 527 530 526 526 509 508 515 519 512 487 484 490 502 501 495 488 479 476 470 456 452 452 450 454 463 453 450 445 448 444 449 451 452 445 447 449 455 463 464 460 461 466 469 466 475 472 478 487 482 481 486 488 498
628 591 600 624 626 616 633 668 696 707 726 744 761 736 717 699 749 770 806 776 746 723 692 674 652 639 616 603 588 581 557 567 560 546 470 449 534 539 536 528 532 538 545 541 529 509 514 526 515 515 492 499 510 515 500 498 504 499 482 469 473 474 470 463 456 456 453 446 452 453 446 451 450 450 452 449 448 453 459 459 470 476 471 473 471 469 474 474 476 478 483 488 490 491
607 586 577 578 588 633 661 661 653 668 700 695 723 720 701 746 810 798 816 810 763 725 723 716 674 645 631 611 596 581 576 578 561 557 442 443 538 538 541 534 533 542 543 537 524 513 519 534 525 512 509 500 512 519 509 498 504 504 474 480 480 472 464 458 465 462 457 453 446 456 453 448 452 451 449 451 452 452 451 455 470 464 465 471 470 475 471 481 478 484 485 486 487 488
575 569 587 610 622 612 617 644 632 622 646 684 717 713 709 750 810 821 830 795 778 737 701 675 666 657 638 614 585 599 589 582 571 563 412 469 558 546 541 543 535 539 543 534 513 513 531 530 525 507 505 507 519 523 521 506 491 483 490 487 491 474 478 475 470 455 458 458 447 454 457 460 455 456 452 456 450 451 453 455 455 453 462 466 469 471 474 477 479 476 485 486 495 492
555 577 612 586 600 598 638 608 621 664 684 704 737 732 741 743 819 865 864 818 760 767 733 718 721 669 622 608 603 606 599 588 580 537 405 537 569 550 549 548 539 538 528 526 518 514 537 536 536 517 507 511 523 526 515 496 505 505 506 499 494 493 472 464 464 463 453 451 457 456 461 465 454 460 459 451 454 450 457 459 452 456 455 465 474 470 472 476 477 478 488 487 487 491
551 574 565 562 565 581 583 591 635 669 682 693 721 749 759 771 800 894 847 835 818 767 752 727 687 659 646 614 612 613 612 599 586 558 407 565 554 547 545 541 532 539 538 532 531 530 534 536 531 519 509 518 526 524 514 499 510 507 502 511 501 501 483 463 466 458 468 466 463 465 465 468 452 463 459 454 463 459 457 455 455 456 457 457 461 477 473 475 476 481 478 479 492 495
559 553 572 597 611 609 616 631 659 662 654 681 723 751 783 790 792 823 874 870 810 785 763 725 699 716 697 647 625 627 614 604 592 569 514 574 564 556 548 532 532 532 538 540 534 540 545 542 532 524 509 518 527 525 529 528 522 517 515 508 499 505 504 481 480 471 459 469 469 466 466 459 461 466 470 459 465 466 457 457 457 455 456 456 461 461 468 478 482 479 482 485 484 494
558 601 625 631 606 601 611 618 620 635 673 693 721 753 767 752 746 787 799 808 834 812 765 750 728 742 717 668 615 609 606 595 580 564 515 569 560 543 539 534 534 531 534 535 537 546 552 548 521 520 512 523 527 521 520 520 524 516 508 506 507 511 483 475 476 469 474 464 471 473 463 470 471 472 462 461 468 464 460 461 461 465 458 460 458 460 460 476 476 480 481 483 487 486
540 559 570 565 586 590 598 609 620 650 660 650 683 722 728 737 730 714 730 772 842 791 748 721 691 673 660 635 648 625 613 600 608 519 539 571 547 551 535 540 539 538 532 535 535 540 546 535 532 531 519 528 528 522 520 524 526 517 508 509 515 521 502 488 470 478 466 478 480 480 475 469 472 468 461 473 471 469 464 464 462 457 465 461 458 461 459 461 471 476 485 485 487 481
552 542 557 600 623 613 634 642 657 642 645 673 693 729 714 702 702 697 680 725 789 794 764 747 732 706 685 694 686 650 621 624 609 520 548 563 551 554 534 539 543 537 544 546 539 543 541 535 534 525 530 529 536 521 525 529 519 512 521 518 516 516 502 504 485 484 474 492 496 484 472 478 477 474 467 475 476 473 467 466 463 463 461 466 460 458 459 459 465 477 484 487 475 487
628 623 620 649 618 666 663 684 684 718 684 700 710 691 688 674 674 666 680 708 738 781 795 771 748 707 691 726 727 686 646 630 625 522 583 580 570 564 560 557 560 548 546 544 545 541 532 532 541 528 532 529 532 522 529 528 530 527 522 521 524 506 510 514 503 485 491 502 503 492 475 483 486 478 471 476 475 473 474 462 470 468 458 465 463 459 460 460 460 469 474 471 477 489
752 700 673 688 693 670 681 729 740 732 727 720 698 685 678 638 665 652 685 681 687 714 761 739 734 726 734 751 734 697 669 644 633 593 596 596 589 591 580 568 561 554 554 541 549 542 541 531 537 530 535 532 525 528 533 535 535 530 535 532 524 516 515 528 516 489 508 504 501 501 483 485 492 474 488 487 476 478 480 468 481 480 459 460 466 466 459 464 464 465 467 468 474 486
806 752 744 764 755 715 718 760 736 714 716 727 694 678 656 644 655 637 647 654 676 705 767 768 756 776 776 727 697 708 695 651 630 577 594 597 589 588 581 573 564 562 559 545 547 535 535 531 537 540 536 533 539 539 529 537 534 532 534 533 520 527 529 526 522 521 518 516 509 487 516 488 495 479 492 486 479 478 474 474 481 465 469 474 461 465 467 467 463 467 468 469 475 473
708 739 780 753 765 784 779 754 703 695 699 712 668 644 627 615 634 622 602 634 655 696 732 792 803 792 761 747 737 713 659 672 639 582 583 607 597 589 579 578 576 572 552 556 548 535 534 548 542 542 530 542 544 533 542 533 536 542 541 540 533 525 536 533 534 529 526 538 516 513 515 495 503 485 501 490 487 482 485 493 474 480 479 486 475 465 471 470 465 462 466 468 475 472
623 709 684 646 691 772 763 727 722 669 671 653 656 663 639 611 618 600 636 639 672 680 701 767 802 785 774 762 715 701 731 700 652 577 578 609 592 594 587 584 576 556 568 571 563 543 556 540 549 546 531 549 550 541 549 535 542 550 546 541 547 540 526 540 539 537 533 517 528 533 521 510 515 493 512 507 490 504 505 496 475 485 485 477 477 469 474 481 474 468 464 465 467 474
660 696 652 604 588 684 690 725 733 723 666 664 640 626 607 610 596 612 626 644 646 686 718 759 784 787 765 726 712 732 746 715 666 612 581 616 596 599 593 584 574 565 577 572 567 553 562 549 558 557 554 537 557 560 553 557 557 550 559 552 553 552 532 554 549 543 523 535 540 540 526 525 510 528 524 520 508 503 496 485 489 489 487 487 486 479 489 479 471 471 466 478 471 475
682 633 661 628 579 568 619 693 772 766 736 682 623 630 621 595 600 619 638 653 661 677 697 718 738 791 763 748 759 718 687 680 681 621 595 621 611 602 599 590 586 584 578 573 557 571 566 568 554 559 544 558 564 570 569 560 556 561 566 559 557 544 557 553 555 545 532 547 544 539 535 528 514 532 531 520 526 511 496 507 505 499 496 505 491 485 490 489 473 477 472 472 469 473
615 593 640 606 557 536 595 677 753 776 716 652 615 599 616 591 606 619 624 628 659 674 682 705 722 768 791 782 749 748 721 721 709 628 622 620 613 604 597 588 581 580 585 562 577 573 577 557 564 567 546 564 564 568 568 569 563 575 577 570 562 563 550 560 555 552 556 547 548 551 541 518 545 539 536 528 533 525 519 516 510 504 504 503 493 496 482 476 487 488 479 475 471 474
556 563 597 542 504 566 601 677 777 778 689 637 611 573 584 613 595 597 617 653 634 641 666 682 702 722 781 782 759 737 730 682 657 652 619 632 625 608 610 594 597 582 582 588 573 577 566 579 570 561 575 560 574 575 580 574 573 575 583 577 569 557 568 563 559 562 549 561 558 557 547 534 545 543 533 545 544 537 538 516 534 525 516 503 504 488 501 496 488 491 489 482 488 470
545 589 545 498 524 572 580 638 723 774 707 631 561 562 591 612 613 635 635 612 643 654 664 666 685 712 757 775 730 715 696 708 730 657 623 625 623 617 608 598 593 593 593 579 587 589 575 587 566 575 579 583 561 583 584 588 588 588 586 583 573 576 569 564 570 555 563 568 574 559 560 549 551 554 551 544 549 541 534 524 528 535 539 514 497 500 491 497 496 495 487 495 495 469
572 547 497 514 556 611 604 609 663 681 620 588 538 599 640 668 641 598 612 597 616 635 658 654 677 703 715 745 755 730 754 747 704 664 627 626 629 617 600 608 602 596 584 598 596 579 592 594 597 587 592 589 575 566 593 596 599 596 587 577 586 578 578 576 569 575 574 566 574 569 550 557 553 560 562 557 548 549 540 530 543 535 540 531 520 507 498 507 504 500 498 488 478 497
515 489 471 542 593 602 646 660 675 643 584 537 552 610 647 631 583 586 586 606 632 627 647 652 654 648 680 724 772 768 739 722 695 658 647 634 623 611 618 617 612 602 593 610 605 599 594 602 601 608 606 601 609 601 589 606 604 602 597 589 595 594 590 576 594 585 572 586 577 579 561 571 572 571 563 563 559 551 540 540 553 550 544 536 536 523 519 511 506 505 497 499 489 499
471 466 507 549 622 639 638 614 598 575 578 550 533 632 572 580 603 604 573 604 609 629 656 620 638 657 664 687 744 749 748 726 705 679 652 642 628 616 628 624 620 599 611 615 608 601 608 620 618 614 607 616 613 597 614 609 614 614 613 605 600 600 584 597 596 599 573 592 586 576 573 566 578 578 576 569 558 546 548 545 552 549 543 549 527 533 535 530 516 511 514 493 503 504
461 496 551 544 546 607 601 568 589 586 545 489 555 536 587 637 643 585 568 592 600 605 597 630 613 642 647 669 704 739 711 707 679 658 665 643 634 632 637 632 620 607 623 625 626 625 622 620 632 632 624 635 625 604 620 621 624 622 613 610 605 610 589 606 605 604 587 604 589 592 584 583 585 586 584 578 572 568 565 559 564 555 554 553 538 549 543 533 527 527 530 515 508 502
