Outputs/eroded_cleaned.asc
ncols         243
nrows         143
xllcorner     77.65375
yllcorner     30.237083333333
cellsize      0.00027777777777778
NODATA_value  -9999
[rows 84 to 125 of 143, columns 94 to 187 of 243]
516 513 522 517 504 504 500 502 500 494 497 497 493 490 494 492 494 496 497 500 503 509 510 501 506 506 515 512 514 517 514 517 526 523 520 536 541 531 533 527 527 527 538 527 535 534 539 540 544 547 546 548 549 555 557 558 555 560 558 563 566 554 560 556 559 562 562 567 573 572 566 568 579 584 572 572 581 584 590 588 589 587 588 589 596 603 634 655 657 653 657 646 652 656
539 526 528 514 511 507 502 512 504 492 504 501 494 491 490 494 495 498 498 498 497 502 503 505 505 504 503 505 509 509 509 513 520 521 519 522 531 523 531 523 527 525 527 529 531 529 530 534 548 541 542 539 542 546 543 547 548 556 552 562 565 554 553 556 558 557 559 563 564 563 569 569 569 566 572 573 575 581 583 582 585 587 589 594 625 641 639 636 650 660 661 659 656 642
551 549 535 538 521 515 524 516 506 515 515 498 506 505 499 497 492 494 499 500 498 503 502 503 504 503 503 507 506 512 516 514 518 516 519 521 521 524 538 523 525 527 526 528 526 531 532 536 537 536 536 539 542 544 543 547 547 550 553 554 559 554 553 556 563 559 564 557 561 568 568 567 568 566 571 572 574 583 584 596 590 597 613 621 643 649 651 641 636 652 662 668 653 640
555 540 551 549 530 515 525 520 510 517 509 507 513 511 507 493 500 499 499 498 501 500 501 502 502 506 504 506 508 512 515 516 511 519 521 521 520 524 525 523 525 527 526 530 530 528 532 536 536 540 539 540 542 542 543 545 545 544 552 548 552 555 560 562 561 561 557 563 561 567 566 570 568 567 572 572 582 587 590 610 615 626 636 635 648 641 645 648 651 649 652 657 649 640
547 558 560 549 546 527 524 516 529 525 520 520 520 514 514 511 498 510 513 510 500 507 504 501 508 504 506 510 511 516 509 509 516 515 517 523 520 522 527 522 524 528 525 527 531 533 530 535 536 538 540 543 541 544 542 542 547 552 547 549 550 555 558 559 565 568 558 566 569 564 570 581 582 586 592 608 616 621 623 622 631 632 628 634 634 633 644 650 650 643 645 647 639 639
574 572 568 563 553 541 523 528 535 525 526 524 523 519 519 505 512 517 510 502 515 511 514 508 504 502 507 513 510 509 511 511 511 513 518 524 521 521 521 528 525 524 529 526 527 533 534 531 537 536 541 541 539 541 545 550 551 555 549 556 556 553 555 559 561 561 565 579 589 593 589 596 600 604 608 601 613 615 611 610 616 623 621 628 634 633 641 638 642 635 633 641 645 640
564 578 573 565 557 526 555 549 538 536 530 524 521 521 510 522 525 521 524 515 520 519 520 521 509 506 508 515 512 509 511 509 511 518 517 521 522 519 520 529 527 526 527 529 527 533 535 533 534 536 539 540 556 550 555 561 556 556 557 553 561 566 568 571 578 583 592 592 592 594 595 601 598 601 606 604 606 607 609 615 611 616 629 628 632 635 626 637 636 632 639 644 645 646
585 584 593 572 567 557 563 580 566 562 544 531 531 519 525 528 543 527 523 520 530 524 521 510 521 519 520 518 519 520 514 519 508 521 517 515 519 520 522 526 525 527 533 530 528 530 536 544 549 551 541 554 555 560 572 575 571 573 573 574 579 580 583 583 581 589 590 592 595 594 593 592 601 604 602 607 606 607 610 619 624 625 617 624 632 622 622 628 629 635 643 646 644 638
593 587 580 578 578 562 567 575 572 572 559 565 555 537 534 538 537 524 530 524 527 521 520 521 513 524 521 518 519 527 521 522 520 511 519 515 519 523 526 520 526 536 532 537 545 550 549 548 550 549 554 561 564 566 573 573 569 570 576 579 580 582 581 580 584 587 586 592 591 589 590 594 599 599 598 605 607 607 606 615 620 619 622 626 622 623 624 623 633 631 634 637 636 632
598 602 593 589 578 573 581 581 575 567 562 572 574 563 562 540 537 531 533 530 534 526 534 530 520 530 525 518 527 526 522 524 520 519 516 520 518 518 519 523 529 550 546 542 547 549 546 554 553 557 553 564 569 569 568 571 570 575 580 578 580 580 578 578 583 584 586 586 589 589 593 592 596 596 598 604 600 605 612 608 619 617 618 621 622 623 622 623 624 623 626 630 626 634
607 607 596 590 566 566 582 583 584 573 576 580 577 567 567 554 559 539 541 534 539 539 532 525 533 530 526 529 527 529 523 520 532 517 520 519 517 518 521 527 521 545 547 547 543 544 554 547 554 559 557 564 574 569 569 574 573 575 576 577 579 578 578 581 580 584 586 586 587 591 594 598 597 596 600 598 606 605 609 615 612 623 616 612 622 622 622 622 621 624 629 620 632 630
610 606 604 600 582 567 590 593 592 585 581 580 580 576 558 573 567 566 547 536 547 541 525 534 537 535 532 529 524 521 525 521 525 523 520 517 524 522 519 523 523 528 544 551 549 545 549 557 556 561 564 565 570 574 574 574 571 574 574 574 579 582 579 582 586 582 586 584 591 592 595 595 597 597 602 602 603 605 605 609 612 612 608 619 622 621 625 620 621 622 617 625 630 635
616 615 609 600 594 574 600 599 597 589 591 587 586 582 565 557 568 572 572 553 547 539 548 536 546 543 538 534 532 532 524 525 534 532 529 525 523 520 522 525 526 521 537 550 551 552 558 560 560 557 566 565 565 569 572 576 572 568 570 578 577 575 576 581 592 587 587 583 594 588 596 594 597 599 605 600 601 603 602 606 608 607 612 617 618 619 619 616 619 615 628 624 629 625
615 615 608 603 589 596 600 604 600 598 594 598 597 587 558 563 579 584 584 570 568 554 558 542 551 562 557 553 544 529 527 522 533 531 531 533 528 524 526 526 526 523 525 535 561 564 565 560 566 560 565 564 570 567 569 575 566 573 575 578 577 578 584 581 585 581 585 586 588 584 591 592 595 595 601 599 599 601 603 609 611 611 616 616 610 616 620 619 616 616 615 623 624 636
630 620 611 609 587 596 606 608 608 610 610 599 601 593 579 559 588 587 590 586 585 580 574 557 547 559 562 555 545 542 536 522 534 541 541 540 532 530 529 526 528 527 528 526 534 562 572 568 566 565 562 564 562 564 567 569 566 573 577 576 577 575 572 574 575 581 579 585 585 586 588 590 594 599 593 593 603 603 599 605 604 610 612 610 606 609 614 616 619 613 620 618 636 640
634 629 622 612 584 591 613 615 617 615 607 605 599 599 582 561 584 597 595 591 587 587 581 568 563 569 576 556 552 536 532 524 542 537 545 539 536 534 533 528 532 527 525 526 527 538 560 559 573 574 575 565 564 563 565 568 568 572 572 570 572 577 580 581 579 578 579 581 582 589 584 592 594 596 592 594 600 599 597 598 602 608 599 602 608 607 608 610 609 619 621 624 634 638
644 639 628 618 586 584 618 624 615 613 613 612 605 606 586 569 588 601 598 595 596 590 583 583 582 575 565 571 556 554 535 551 544 550 546 540 528 538 529 541 536 528 528 526 530 531 544 563 563 566 565 570 565 565 562 565 567 565 569 571 572 576 580 584 582 584 580 584 586 582 589 589 590 588 591 592 597 593 597 597 597 599 608 606 609 611 607 613 612 615 615 631 627 621
647 645 635 636 587 602 629 629 627 620 619 616 608 609 584 572 585 579 603 598 602 590 592 593 593 580 577 584 578 565 554 571 550 545 547 537 545 546 540 535 541 540 538 527 529 530 530 539 543 551 561 565 569 566 565 571 562 571 572 578 576 589 576 576 586 578 579 583 587 589 586 592 590 589 593 595 592 597 596 595 600 600 605 606 602 602 607 606 609 605 612 628 618 615
654 652 646 639 617 604 633 636 631 627 625 619 603 585 602 598 574 608 606 607 597 599 595 600 595 595 584 581 570 560 552 552 552 558 556 549 553 543 545 542 540 542 536 528 530 528 531 533 543 539 542 550 549 545 549 551 547 546 557 572 582 581 576 575 576 578 585 589 581 586 592 586 588 587 587 588 594 595 595 595 597 601 602 604 598 605 608 606 604 605 612 617 618 613
667 661 653 637 619 631 639 639 643 639 629 613 618 601 612 612 583 614 613 608 607 603 602 596 602 594 590 579 589 568 557 557 560 559 556 559 555 548 547 547 543 536 530 530 538 536 535 531 539 536 541 544 544 544 545 546 547 543 544 550 552 564 583 580 579 578 584 574 587 589 584 589 586 588 592 597 598 596 597 595 601 597 597 596 599 601 608 609 603 603 612 615 607 615
662 664 665 653 634 622 643 642 641 639 629 629 610 618 620 615 588 616 618 619 613 604 599 597 594 585 581 600 600 590 563 560 566 559 567 566 555 554 556 546 541 539 538 537 531 541 545 533 535 538 543 542 543 542 546 547 546 548 552 548 549 546 562 568 561 569 573 577 585 579 574 584 591 588 588 591 592 595 597 596 599 605 595 596 601 605 602 602 601 602 603 614 616 609
700 687 682 660 635 623 646 648 645 637 640 639 628 624 629 616 595 606 619 617 610 613 611 602 597 606 600 602 598 597 583 557 578 589 589 575 561 566 561 553 546 553 548 543 544 539 535 538 542 537 542 543 548 548 557 549 544 547 548 551 550 549 548 556 583 593 584 576 580 569 578 583 587 585 587 591 584 587 591 595 602 596 599 596 597 598 598 597 603 600 601 614 617 615
725 721 702 685 648 625 650 657 652 656 650 641 636 637 629 636 606 622 630 625 622 618 602 599 618 609 603 604 606 599 593 560 595 596 590 584 564 569 558 557 557 555 554 553 542 535 542 545 549 548 541 543 545 545 547 550 546 552 554 550 549 549 553 549 583 584 576 576 564 579 583 584 584 588 582 582 592 593 593 603 592 593 593 596 595 599 600 596 605 598 600 605 609 607
750 754 743 707 636 660 663 659 666 664 653 643 644 631 644 643 608 628 635 624 629 622 604 615 616 612 608 606 600 610 602 567 603 595 595 588 567 563 565 563 561 564 562 549 546 548 537 553 549 548 548 547 552 547 545 550 549 557 553 554 551 550 552 555 575 579 573 565 575 575 582 582 586 581 589 591 591 593 592 593 591 591 598 597 598 594 597 592 595 599 603 598 605 606
748 723 704 682 648 699 692 680 677 668 654 654 646 635 643 646 610 633 643 642 641 632 614 628 624 628 618 603 608 611 597 600 605 601 598 585 570 580 571 572 571 563 558 563 556 557 539 573 569 565 563 547 548 549 562 551 561 558 561 561 555 562 551 556 561 563 565 576 579 581 580 582 579 589 584 589 588 586 590 591 592 592 591 591 596 594 592 596 600 599 600 600 598 599
704 694 690 650 680 717 731 705 682 673 674 666 664 651 649 657 631 652 644 635 639 619 632 643 631 639 635 617 611 612 611 610 612 609 604 588 588 576 573 589 574 575 570 571 561 556 544 558 566 569 555 562 546 559 554 562 554 563 561 561 564 565 556 552 561 564 572 574 574 580 582 580 576 584 587 590 580 591 592 594 591 589 593 593 589 590 593 597 598 598 600 604 602 601
675 672 665 658 701 733 749 737 705 694 686 683 672 660 656 636 650 657 650 645 640 629 649 650 647 661 649 621 619 603 602 615 624 620 594 605 602 590 574 588 592 596 597 582 564 556 548 557 563 581 575 578 561 549 563 564 565 559 565 570 564 568 561 555 567 565 565 569 577 579 577 575 569 582 582 577 587 587 594 591 594 591 589 589 591 587 590 598 602 603 602 598 598 597
719 703 691 664 684 725 735 724 740 727 706 691 686 672 653 651 665 661 655 647 629 643 649 653 657 643 630 633 616 606 613 625 645 634 614 636 633 623 606 590 599 598 588 582 577 564 551 562 569 578 579 571 553 570 566 570 568 569 564 573 573 569 571 561 569 565 569 566 568 567 577 570 578 578 582 583 575 583 583 591 591 587 588 587 584 590 595 600 600 598 599 599 598 596
726 703 698 702 670 719 732 743 751 734 730 716 699 682 662 666 674 675 668 664 630 629 652 661 658 642 635 647 613 611 615 633 642 636 616 641 645 632 606 605 614 603 595 598 584 572 561 549 565 568 564 574 558 576 577 574 575 578 579 569 579 580 573 564 573 578 574 562 564 568 573 569 575 577 580 573 581 587 589 588 587 585 584 585 586 585 590 595 591 594 598 595 594 598
720 722 720 716 687 707 740 759 758 758 756 738 721 693 670 687 685 679 685 676 655 628 628 657 657 647 645 650 625 612 612 646 652 650 618 638 648 631 612 610 627 612 606 604 595 580 576 554 561 564 573 582 558 572 585 594 589 584 571 583 588 584 585 572 587 592 587 593 584 564 568 570 573 575 575 578 574 586 589 588 588 588 583 584 586 589 591 589 592 595 595 595 597 601
762 752 728 734 717 699 725 751 764 760 751 745 725 679 672 717 716 707 691 670 665 649 626 667 669 657 658 642 636 619 622 653 653 639 630 648 640 633 614 618 637 622 625 619 604 596 582 587 563 570 592 590 573 559 570 607 609 605 601 580 589 593 594 584 603 606 603 608 606 588 580 574 571 574 575 579 575 583 579 577 580 582 585 581 588 588 587 587 590 593 593 596 595 596
784 759 765 750 743 735 737 719 723 717 712 706 696 673 687 728 748 737 706 682 674 669 652 682 670 664 658 648 636 630 637 655 656 639 642 645 642 626 611 632 645 630 628 628 618 587 601 596 567 586 609 608 594 594 571 585 600 615 615 607 617 620 617 599 615 616 613 617 612 603 607 584 577 573 573 574 575 576 577 579 580 583 580 586 587 589 590 597 594 592 596 597 597 592
798 786 770 779 763 747 733 721 705 696 693 690 685 689 703 733 748 729 692 710 708 670 654 678 678 671 669 643 636 643 654 668 657 651 651 653 637 642 630 638 639 633 630 623 603 599 621 601 573 605 614 608 618 628 608 591 604 615 622 619 620 619 614 613 623 624 624 618 605 616 609 603 597 573 598 588 595 587 581 585 580 585 582 582 584 583 593 592 592 595 594 602 596 597
837 814 803 797 780 759 747 729 724 726 714 703 692 689 713 734 722 703 708 730 715 676 655 694 693 699 676 660 637 638 659 672 662 666 660 649 655 631 644 648 646 634 636 616 610 619 625 620 584 602 616 612 617 624 621 608 624 616 631 632 628 626 622 624 625 628 631 608 615 622 617 617 616 586 599 595 603 587 590 581 588 589 583 585 581 583 595 594 596 595 595 597 591 596
813 825 826 820 788 778 762 743 753 727 719 701 693 706 735 740 720 696 673 692 692 661 674 723 731 715 680 651 635 662 680 669 674 672 664 664 662 633 649 655 647 638 620 623 625 634 633 612 611 588 594 616 626 633 621 627 630 617 632 636 634 620 639 633 637 632 634 621 627 626 620 610 608 607 590 599 606 599 601 594 597 589 586 582 580 583 591 586 594 594 600 590 593 595
765 751 774 816 808 783 750 769 756 752 730 725 722 728 717 714 704 684 697 666 656 673 696 715 699 682 659 646 659 690 694 684 686 681 675 673 655 659 660 660 654 631 630 634 636 638 618 617 610 612 615 598 628 637 629 635 637 628 634 640 635 606 641 642 644 639 636 634 637 625 627 622 624 597 600 597 622 615 595 599 592 585 585 592 587 586 585 585 587 593 591 593 592 590
734 730 708 760 819 816 784 780 764 770 766 761 773 748 735 725 700 712 715 692 684 701 708 694 672 660 660 671 690 728 715 701 693 687 681 656 669 676 674 669 644 649 650 646 634 628 625 616 617 629 634 605 629 640 637 638 645 646 632 645 644 607 640 656 647 645 642 638 633 636 634 631 622 620 606 597 600 609 596 590 587 587 584 586 594 590 592 589 585 590 594 588 588 585
710 686 722 739 779 820 818 798 789 773 772 784 784 781 758 748 745 730 722 708 703 702 685 679 665 664 673 682 696 730 737 716 702 691 671 686 690 685 671 653 659 661 665 656 646 654 622 636 635 633 640 617 634 646 648 650 654 652 638 656 654 637 646 667 658 657 642 651 647 655 651 641 634 619 600 603 603 597 595 601 595 590 596 595 592 595 598 591 593 592 594 593 586 586
689 683 716 722 746 741 793 806 787 724 736 774 798 776 774 775 761 755 747 719 731 712 702 692 683 661 676 690 706 743 765 748 716 692 702 698 699 692 686 676 671 670 669 661 659 663 636 650 646 644 643 628 633 647 657 656 660 658 640 660 660 645 654 668 665 663 652 659 656 660 647 648 642 602 625 623 617 612 599 607 600 593 601 602 599 595 593 597 595 596 591 592 588 587
658 683 696 718 717 714 708 716 723 713 779 815 815 790 785 771 781 777 761 760 747 726 702 711 693 680 661 702 720 752 770 746 740 711 712 703 703 700 699 684 676 684 673 669 671 666 640 654 657 660 657 650 649 637 655 661 665 663 654 664 662 617 660 674 673 669 668 672 667 654 661 657 648 644 636 639 633 622 604 627 636 605 606 608 597 590 602 604 602 594 597 589 594 598
646 670 679 691 698 716 702 706 696 707 745 798 823 806 800 785 793 789 782 772 745 734 727 714 726 714 671 683 695 729 744 752 722 736 738 717 713 708 696 692 688 685 683 680 676 672 649 658 667 663 658 663 660 663 656 665 666 672 665 656 671 619 665 673 680 679 669 674 672 664 664 657 652 641 639 653 657 634 621 635 633 618 608 600 612 610 593 612 600 604 604 601 592 593
621 623 630 665 702 702 707 701 678 702 709 738 740 752 742 739 770 754 770 782 778 761 734 728 748 718 710 704 706 715 742 748 734 756 745 756 734 719 708 703 701 698 693 690 684 676 674 660 676 669 663 663 663 669 676 681 679 676 669 679 679 656 630 682 689 684 687 684 677 667 658 664 656 653 648 655 653 651 637 649 649 630 617 630 628 615 600 616 607 612 596 595 601 597
