Outputs/eroded_cleaned.asc
ncols         243
nrows         143
xllcorner     77.65375
yllcorner     30.237083333333
cellsize      0.00027777777777778
NODATA_value  -9999
[rows 84 to 125 of 143, columns 0 to 93 of 243]
449 466 520 503 529 581 558 534 603 614 549 512 486 543 560 556 573 558 596 584 574 580 612 610 603 638 646 655 680 674 682 685 673 702 693 668 649 645 636 629 638 624 630 636 639 633 643 644 641 633 642 640 634 612 630 632 631 632 620 626 622 597 611 616 610 611 589 608 601 589 579 593 588 592 592 583 581 573 573 563 558 564 558 552 554 552 544 530 547 544 542 535 529 521
445 461 463 473 523 582 543 517 585 579 515 486 491 527 530 544 546 549 567 594 566 574 585 576 583 598 628 612 620 658 695 684 689 707 699 673 657 655 651 642 643 647 634 649 654 652 645 654 653 649 652 647 645 631 632 643 644 643 629 624 611 620 625 627 629 618 609 593 614 590 586 603 600 595 586 592 595 587 576 573 570 564 559 565 564 557 536 549 555 552 549 548 535 541
466 488 479 503 532 541 513 482 470 481 490 490 503 589 623 630 602 577 560 562 568 580 575 580 615 610 604 631 665 689 705 709 711 705 695 692 674 668 659 667 665 667 653 644 668 672 649 665 669 668 663 658 657 645 648 639 648 654 650 644 622 633 635 630 633 624 604 622 612 587 589 607 606 610 602 595 604 591 584 580 574 565 577 570 568 552 563 543 559 557 560 545 554 552
476 485 494 529 513 458 463 468 488 502 499 520 525 590 665 721 684 653 599 576 606 604 590 607 603 636 656 654 655 688 703 701 718 713 711 705 676 688 680 676 686 680 674 660 680 684 671 678 683 679 672 662 668 657 656 647 663 649 657 647 642 642 639 643 637 614 618 625 621 611 590 596 610 616 607 604 604 601 588 586 578 582 584 575 553 569 570 545 568 565 565 556 553 559
436 437 444 445 454 477 493 516 533 512 562 601 646 694 728 733 723 668 630 662 680 683 641 645 637 639 652 647 677 675 695 680 702 734 722 699 693 716 722 704 698 712 712 724 693 705 704 687 700 687 693 690 680 688 677 661 673 660 660 652 648 651 648 648 628 621 634 632 631 626 592 593 623 620 614 616 616 608 601 590 600 598 592 578 572 583 574 560 575 576 570 571 562 562
479 452 478 500 536 538 502 522 564 600 579 594 604 641 668 690 727 720 685 696 668 662 667 644 648 633 627 638 654 676 657 673 701 711 719 722 710 741 755 733 725 729 730 713 726 735 724 705 724 706 718 716 703 697 693 664 676 682 668 670 673 666 652 637 637 645 643 640 636 630 597 596 626 631 622 621 612 602 605 592 601 600 595 587 574 589 583 577 565 582 581 574 568 560
502 507 527 604 638 594 553 563 607 644 632 652 621 634 686 709 700 690 664 664 629 650 655 620 608 626 642 651 652 648 662 673 673 700 721 736 734 756 770 747 740 760 780 754 745 761 754 740 749 726 749 738 721 691 678 684 671 685 677 680 675 666 646 652 644 655 648 646 651 643 624 591 633 630 629 627 614 619 610 594 617 610 600 582 594 594 597 591 576 595 588 576 577 567
460 481 544 550 596 612 582 585 651 674 603 627 666 694 695 674 661 645 646 623 603 649 644 623 602 626 620 611 613 631 650 677 687 689 689 716 755 751 766 764 765 782 813 790 771 779 787 762 765 728 763 735 718 715 704 717 674 716 725 698 674 654 685 692 644 673 681 658 654 653 645 603 637 641 641 636 629 624 603 620 627 620 612 586 598 603 597 578 603 597 590 584 585 571
444 478 514 501 532 603 574 583 611 618 571 566 618 668 627 654 668 622 620 586 622 653 635 600 604 619 608 631 652 663 653 662 670 681 696 712 738 749 744 760 778 776 821 821 798 803 817 779 788 766 763 733 750 739 729 718 694 712 711 699 711 674 661 703 685 666 709 683 682 676 658 606 631 645 651 641 640 620 627 628 628 628 618 597 613 614 606 586 600 599 597 596 580 578
434 460 454 476 535 579 533 524 552 597 547 529 626 623 581 605 598 603 574 585 622 637 625 602 587 601 591 627 628 618 637 646 677 675 697 706 726 696 715 731 755 772 776 791 837 841 836 807 803 792 803 759 774 753 749 722 722 719 711 703 687 687 682 719 712 682 668 720 717 713 684 642 657 656 648 654 645 640 624 638 641 634 617 606 619 620 612 613 613 611 605 588 601 582
418 430 436 479 554 553 516 500 570 591 534 512 596 569 555 564 558 558 559 578 593 611 584 572 568 570 631 597 609 637 663 675 662 672 691 696 701 682 709 719 737 740 729 775 817 837 837 818 809 815 814 790 794 766 746 750 752 748 715 708 698 703 684 705 724 703 688 722 722 690 645 666 681 667 662 654 646 648 636 652 647 640 629 624 612 622 622 622 620 619 615 593 603 591
415 416 449 508 546 511 474 528 574 580 519 497 548 515 571 556 561 581 570 583 604 599 573 566 593 576 583 620 634 631 678 689 684 686 660 653 676 704 709 722 721 705 730 751 765 788 812 821 829 836 849 809 824 794 780 764 758 739 750 753 737 729 726 710 716 708 700 716 683 661 654 696 706 696 682 648 659 645 640 651 653 649 643 629 630 638 639 634 628 622 608 601 614 592
415 424 459 518 490 464 485 523 482 516 514 458 461 527 580 544 548 591 584 604 619 596 565 591 607 594 613 614 627 660 668 646 664 649 629 664 690 694 680 700 712 693 712 732 739 750 755 774 818 838 831 821 825 820 809 803 812 777 764 775 747 771 731 747 748 730 713 700 669 669 660 672 714 731 717 686 672 669 645 663 657 651 638 642 650 635 639 637 627 610 618 613 616 609
422 438 439 441 432 486 486 439 444 453 456 439 492 574 595 543 531 568 592 618 610 589 564 573 581 582 600 611 643 667 619 623 653 620 662 688 675 680 700 672 673 688 695 716 730 740 723 742 771 774 822 841 859 828 846 830 839 804 786 810 780 776 756 766 749 759 735 709 704 687 678 662 705 742 742 721 682 662 652 660 660 658 646 651 656 652 640 625 623 619 633 629 627 633
451 424 430 429 471 499 433 424 429 430 437 458 531 578 545 521 525 574 573 579 607 590 545 570 598 595 612 616 634 622 602 623 604 651 666 650 668 683 664 635 672 673 665 680 712 700 727 717 740 762 778 781 808 832 845 864 857 840 833 842 844 795 797 815 795 766 735 742 722 710 702 677 691 734 735 704 706 674 682 679 672 663 657 650 649 641 644 645 638 634 631 641 629 634
425 422 410 442 486 481 417 441 483 491 432 446 528 575 528 516 562 557 587 600 596 565 537 566 573 603 603 618 589 607 578 589 615 654 628 672 676 676 648 632 657 642 683 685 692 679 712 754 762 774 752 741 768 793 791 811 831 842 841 868 845 846 837 814 829 790 774 760 734 727 716 699 706 715 729 711 695 693 718 717 702 683 677 652 644 648 656 653 644 642 643 636 626 639
395 397 392 426 459 414 425 445 502 521 443 456 535 528 493 570 594 617 621 622 549 532 566 594 604 595 584 548 593 577 588 610 640 627 612 645 672 640 611 631 668 686 626 683 670 704 713 720 733 740 744 754 735 751 768 746 762 764 758 801 842 861 863 844 809 796 818 788 772 757 732 716 711 723 729 725 703 692 737 753 737 727 698 656 659 672 673 668 663 658 655 650 643 646
391 394 395 401 413 450 446 467 521 496 452 469 501 483 495 517 508 525 569 535 527 556 593 602 592 557 543 557 558 565 567 591 612 604 638 670 659 639 607 632 660 607 609 639 668 695 722 695 713 718 718 735 725 745 746 727 738 727 736 776 806 813 840 842 848 844 831 805 804 774 759 738 736 730 739 718 709 697 728 754 754 738 709 658 690 689 684 685 676 665 651 645 656 653
400 405 392 431 496 514 466 473 502 533 477 474 470 474 507 497 499 521 523 526 571 583 636 609 584 529 562 582 592 574 605 575 601 618 648 651 622 623 604 622 605 621 667 686 696 710 711 695 703 682 713 730 697 719 719 717 707 728 757 749 782 792 782 796 823 851 861 852 814 797 773 772 762 750 727 724 715 709 731 749 719 708 665 698 727 725 706 696 684 672 649 656 665 655
409 410 426 501 544 508 494 498 536 549 507 473 477 523 582 581 576 584 526 556 640 662 556 509 513 571 614 636 650 634 620 601 621 656 636 615 594 601 604 606 625 652 655 676 689 677 676 658 658 699 713 696 675 703 688 684 691 718 729 734 748 756 729 762 787 785 791 823 837 838 802 814 790 755 746 726 730 723 739 728 706 681 667 707 742 756 734 726 697 675 662 670 674 673
405 427 459 504 506 470 489 470 524 571 537 503 514 555 612 618 605 600 582 614 587 533 498 528 535 581 638 654 671 650 656 657 648 640 622 606 592 598 605 605 625 640 650 664 676 640 663 653 679 687 697 669 687 699 680 667 674 697 721 742 750 745 720 766 762 754 763 763 790 826 834 858 816 775 767 744 738 738 705 700 696 681 702 719 753 767 760 749 716 683 678 698 696 688
393 403 437 459 458 418 442 450 529 577 551 538 554 536 506 508 547 588 535 494 489 493 555 548 565 628 658 642 640 658 695 657 636 645 615 601 577 597 618 613 616 611 629 648 651 637 661 670 639 683 649 635 665 687 672 643 683 679 703 726 734 702 723 737 738 735 731 732 736 772 808 847 820 803 777 786 768 751 725 723 707 686 696 724 749 777 758 718 691 679 717 742 724 724
395 401 391 399 393 405 417 445 509 534 500 499 537 502 471 522 565 577 510 493 484 547 592 575 587 590 595 609 627 654 688 666 623 666 643 620 582 640 616 593 604 618 618 653 648 627 624 631 633 621 633 670 675 655 642 671 660 679 694 692 683 705 734 718 734 710 738 700 726 718 758 803 853 829 817 805 804 781 760 741 730 710 706 718 740 747 731 711 687 687 728 767 750 745
383 383 386 389 426 442 439 479 518 521 477 460 491 458 448 511 554 529 473 469 521 618 663 658 634 622 653 675 645 686 688 632 631 648 644 571 598 584 593 635 639 651 674 693 651 623 633 626 621 627 667 682 662 637 647 658 634 671 694 670 706 745 735 704 717 708 724 690 695 721 739 761 781 837 854 843 822 790 777 788 741 749 732 723 753 744 720 710 688 698 734 772 768 746
387 397 418 417 426 454 487 489 502 504 465 446 476 436 442 509 558 514 457 470 567 581 649 695 707 680 672 678 701 734 684 608 583 615 540 532 551 588 642 653 689 738 739 657 635 619 642 620 645 665 675 654 637 630 638 634 655 690 666 672 725 723 700 677 689 658 697 673 702 715 722 736 742 757 782 863 848 830 827 791 798 789 760 745 751 731 723 697 711 700 708 735 745 742
382 397 419 446 443 453 475 455 475 463 455 436 428 419 470 546 564 525 478 452 513 561 626 731 753 733 730 719 728 715 649 602 550 565 530 557 559 581 621 705 762 767 756 681 617 624 643 601 660 666 650 640 635 629 636 671 677 707 665 682 698 700 676 685 667 657 676 669 705 692 717 694 714 726 749 780 846 865 849 845 814 798 791 770 758 739 718 702 721 731 714 731 702 696
399 394 389 410 430 430 443 460 429 423 433 420 410 460 498 505 479 474 451 461 515 590 648 747 767 791 769 756 745 695 669 588 535 522 530 575 581 628 678 692 735 722 682 610 600 621 600 643 643 678 639 632 595 611 633 652 671 661 714 713 698 707 664 636 637 666 629 671 686 675 689 683 717 697 711 755 790 835 844 861 844 845 816 801 781 768 742 739 732 736 738 725 716 688
407 392 389 437 436 410 425 387 388 397 404 406 415 442 438 425 435 436 452 496 604 645 619 641 660 655 664 722 710 662 611 550 507 545 578 637 659 669 678 695 683 658 675 597 610 641 609 620 700 693 696 653 591 635 678 707 697 666 699 660 688 738 686 628 647 654 628 630 650 670 651 684 673 712 720 731 746 748 768 800 880 885 847 833 800 788 786 768 750 759 761 736 725 711
392 399 388 394 388 397 415 393 415 425 413 412 409 413 416 418 426 470 502 546 610 590 568 570 593 618 660 744 715 658 609 562 491 567 595 649 672 707 745 723 664 657 681 602 581 569 607 659 647 669 709 655 586 655 686 710 678 663 698 677 685 701 681 621 659 648 630 668 686 647 655 660 669 691 698 720 722 737 745 781 808 849 873 840 853 819 803 776 801 789 743 753 736 738
396 383 378 391 390 383 384 396 407 405 416 428 459 464 447 438 446 511 538 516 508 511 552 616 650 669 711 744 708 653 596 537 489 551 614 650 716 770 778 720 686 646 642 574 554 597 644 620 642 699 674 634 574 606 651 706 630 662 650 655 709 721 641 623 636 630 652 670 643 629 626 653 660 654 706 715 701 712 725 739 751 778 807 842 885 864 836 813 802 778 796 760 755 766
378 372 374 381 383 387 396 414 406 395 409 443 503 492 489 487 461 489 497 500 553 542 564 657 660 679 720 712 631 610 559 509 480 532 616 695 739 789 719 675 632 623 667 621 548 561 613 631 675 702 643 617 567 625 679 694 623 616 634 646 722 748 653 620 635 671 666 649 627 612 639 635 635 677 701 677 697 700 719 713 724 740 765 776 838 856 841 850 816 801 785 767 763 751
372 375 373 379 386 408 408 405 392 406 402 408 419 421 428 461 493 497 465 515 577 622 622 683 700 684 714 665 597 555 516 472 514 569 612 634 685 736 698 649 611 602 660 637 541 544 623 693 724 688 624 561 623 633 638 621 595 651 715 745 728 711 717 615 633 639 656 657 596 612 637 653 639 689 684 664 695 687 688 709 709 723 740 773 766 805 833 872 861 850 840 815 801 771
382 399 403 394 399 403 413 395 384 421 443 454 445 443 474 456 461 464 467 486 533 607 640 705 710 650 617 588 563 536 491 470 556 608 625 675 723 764 711 673 642 567 577 552 537 574 648 710 723 665 587 551 614 615 603 591 642 676 764 752 711 681 698 623 602 600 649 594 619 650 681 692 698 681 669 644 672 655 691 705 718 721 736 739 745 766 791 813 815 826 857 854 839 818
372 375 401 417 412 409 390 392 373 411 450 471 447 461 493 502 496 497 507 476 511 533 599 642 639 608 589 544 518 511 465 477 534 577 592 631 688 742 753 717 663 589 535 533 559 637 693 747 679 606 527 530 587 545 570 666 684 733 758 722 690 675 689 643 597 609 650 586 636 671 666 677 684 655 660 635 625 655 702 690 710 702 709 728 742 747 757 776 771 799 817 835 853 823
352 364 377 394 399 382 375 389 372 408 455 448 423 460 485 487 530 552 564 521 558 596 653 617 591 571 556 599 546 525 461 470 509 560 605 664 638 679 663 618 589 529 535 616 647 687 710 680 642 576 512 573 533 577 645 740 757 765 764 739 701 670 668 654 603 567 579 602 679 639 649 668 701 648 657 623 648 668 684 670 670 672 693 729 710 734 755 760 766 756 777 779 813 791
354 356 354 375 378 379 369 367 374 402 417 393 412 464 471 449 488 548 581 567 585 580 614 575 546 550 547 595 571 534 479 457 524 588 633 599 565 646 637 582 517 494 512 600 691 752 686 594 546 507 566 608 615 608 659 768 791 760 725 720 697 650 664 672 628 590 558 583 601 649 700 719 683 641 617 647 657 658 672 674 673 677 703 721 697 743 740 734 748 753 742 746 780 749
353 361 362 358 367 377 372 373 366 370 391 387 430 450 422 416 444 468 520 576 533 538 542 533 518 500 545 615 594 566 481 453 497 578 590 517 561 635 615 547 481 487 545 615 667 635 568 526 501 553 635 672 675 696 720 767 808 781 715 696 647 627 688 650 621 557 603 656 676 723 707 719 714 658 614 657 637 645 659 645 654 679 677 677 716 733 719 711 735 738 718 751 744 721
364 363 365 364 362 365 370 362 366 363 386 431 404 383 385 425 446 473 521 539 487 514 526 515 495 512 537 527 513 475 454 447 481 537 509 501 568 630 610 531 475 531 565 652 660 621 578 520 499 545 587 647 714 765 785 753 757 733 695 663 624 609 629 588 556 538 613 699 735 721 688 691 653 610 597 625 610 637 640 663 658 673 690 701 725 731 716 705 723 707 736 732 706 712
365 369 360 360 362 371 369 356 361 358 368 382 381 386 389 395 405 439 438 435 453 510 516 479 472 531 538 506 488 479 450 442 471 475 476 490 534 602 572 512 474 568 614 655 628 568 541 501 493 523 599 632 671 670 662 675 716 740 663 606 571 599 619 560 521 587 654 703 684 694 670 642 605 594 603 599 642 672 653 688 704 699 675 685 714 713 693 709 692 683 698 706 682 677
358 355 370 375 364 361 357 354 357 364 381 378 398 406 431 453 435 431 434 451 448 446 447 466 504 549 595 588 574 521 451 433 490 515 530 521 547 585 528 470 482 529 582 646 603 521 519 489 501 537 572 640 699 665 621 615 660 667 618 591 568 539 550 516 570 636 711 690 659 683 647 599 587 602 631 641 659 684 717 747 712 683 653 672 685 692 670 681 680 670 700 682 660 646
358 351 373 361 356 358 366 350 362 353 373 406 429 425 419 465 472 457 444 465 486 481 481 495 496 518 523 578 541 499 449 427 450 505 556 573 583 581 514 468 499 517 558 609 571 516 488 508 539 587 633 649 670 631 605 577 595 656 644 578 542 566 528 513 617 707 707 663 662 695 595 586 591 626 649 695 685 708 731 738 679 638 632 699 709 714 691 664 669 675 689 696 669 616
349 358 370 355 355 355 354 353 351 351 358 366 400 414 431 415 422 421 450 469 506 500 527 510 489 457 466 518 492 464 434 438 456 508 560 582 606 588 524 467 527 570 596 561 535 495 486 508 538 558 572 614 619 640 633 573 546 606 632 594 537 518 507 577 616 674 671 630 633 685 634 597 588 661 700 737 739 784 794 753 704 625 692 731 713 692 674 660 697 682 661 658 656 620
