Outputs/eroded_cleaned.asc
ncols         243
nrows         143
xllcorner     77.65375
yllcorner     30.237083333333
cellsize      0.00027777777777778
NODATA_value  -9999
[rows 42 to 83 of 143, columns 0 to 93 of 243]
484 477 469 459 460 457 452 460 462 449 458 457 444 431 420 421 431 431 424 420 406 420 421 415 436 435 431 428 425 423 415 414 420 413 417 415 416 414 414 413 415 416 413 424 414 416 420 418 423 424 423 426 427 431 433 436 435 441 442 443 441 453 462 456 457 460 454 456 467 463 461 467 467 472 474 466 467 469 472 478 473 482 478 481 492 495 494 499 500 500 506 502 511 506
519 507 500 490 487 480 475 484 474 485 487 473 462 451 454 451 448 445 436 425 423 430 435 424 433 450 438 449 440 427 422 429 424 422 418 423 420 417 420 415 421 418 412 413 414 419 416 419 423 421 426 428 431 435 433 430 432 434 437 435 455 452 451 458 452 452 458 461 462 458 454 462 466 461 466 473 467 470 473 477 481 474 482 491 492 496 498 497 499 502 499 509 507 512
534 536 531 519 511 506 496 491 494 481 492 479 466 463 469 466 471 459 445 449 443 445 448 458 445 455 451 464 436 432 429 427 428 426 425 426 427 423 419 421 424 421 417 419 418 418 418 417 426 427 421 427 424 427 434 428 424 427 433 442 443 443 444 445 446 456 460 459 457 452 456 456 460 462 467 472 472 475 471 477 482 482 485 487 484 487 488 492 497 502 503 512 514 517
582 592 586 551 544 530 521 508 509 485 506 516 521 512 506 502 483 462 485 493 499 488 481 482 481 470 472 460 446 439 437 433 431 426 432 421 428 428 427 431 434 427 426 419 421 416 421 419 426 423 422 422 422 424 422 432 433 438 439 439 439 443 447 441 453 455 457 450 452 457 454 456 463 462 461 466 468 470 473 473 470 474 480 484 490 484 481 491 498 505 516 511 526 539
636 624 626 596 586 565 568 548 525 522 501 547 541 529 525 510 507 479 497 509 501 505 508 495 492 486 483 476 464 449 444 439 432 428 435 433 422 431 433 434 432 434 434 419 420 419 422 425 425 425 421 425 428 421 425 430 437 436 440 442 437 441 441 445 448 452 447 454 454 461 459 453 452 465 462 464 465 475 475 475 476 477 476 480 481 492 493 486 507 514 527 527 534 534
680 669 672 636 623 603 596 575 547 536 521 556 544 539 531 522 498 510 506 523 508 502 523 509 502 504 500 503 486 469 460 449 440 442 432 425 432 444 444 436 437 434 422 436 440 430 424 422 420 424 422 421 422 425 423 428 434 432 434 431 437 439 445 449 442 448 446 448 451 453 455 459 457 454 460 465 459 467 471 479 475 476 480 481 484 493 493 499 518 515 523 529 524 523
699 708 727 664 676 653 646 616 593 559 529 561 559 548 542 532 513 526 528 536 520 524 532 532 517 511 510 509 493 489 484 487 480 465 462 450 447 440 452 448 439 423 444 443 438 433 431 423 428 422 425 426 422 428 427 430 430 432 430 430 433 437 442 441 441 451 446 449 455 449 454 458 457 459 455 457 461 465 469 472 476 477 475 476 482 489 492 507 512 518 524 526 522 523
709 732 725 696 708 681 695 664 608 582 562 578 566 562 557 548 523 544 542 543 538 535 540 530 523 537 520 509 517 495 506 504 484 495 485 469 469 470 469 465 459 446 432 444 438 432 428 431 430 423 427 431 427 424 428 431 430 429 431 429 430 432 436 433 437 444 446 446 446 450 456 456 457 464 461 457 465 463 468 471 468 474 477 479 479 482 502 508 518 514 528 516 526 528
751 779 734 728 715 708 704 677 631 573 605 610 579 577 577 564 540 558 564 560 556 548 551 538 532 540 534 521 514 505 512 496 500 491 486 473 474 485 478 479 469 462 449 450 441 433 439 438 426 435 430 436 436 436 428 429 432 433 433 433 432 431 430 432 436 433 441 451 450 455 451 451 447 455 459 457 450 460 472 471 465 474 478 480 481 490 508 496 495 501 506 510 520 519
801 812 794 782 766 734 709 667 630 603 643 654 637 616 594 578 560 571 574 572 570 565 561 554 554 548 541 532 537 521 508 511 502 495 501 474 475 489 488 488 477 472 487 481 471 457 443 452 456 447 441 435 447 433 434 440 433 430 434 437 433 432 431 431 436 434 435 442 454 450 444 448 453 445 454 443 454 464 470 463 469 480 478 483 488 473 483 491 487 503 507 503 509 510
834 832 824 826 804 740 695 669 629 623 672 691 661 638 621 601 571 579 585 588 578 576 567 572 565 554 549 546 543 525 512 513 501 500 499 473 479 509 503 493 486 481 494 487 477 460 455 464 477 472 451 441 439 445 439 433 431 434 434 434 435 434 435 432 443 440 439 437 439 441 443 443 445 448 445 453 457 458 460 472 477 479 473 473 472 476 473 487 491 495 487 492 493 507
851 873 877 835 805 756 716 654 634 645 687 719 670 688 654 629 615 602 600 589 598 579 586 583 567 559 555 553 540 532 527 518 515 508 506 480 499 515 503 492 485 494 494 483 467 480 469 465 483 481 475 460 450 449 449 442 441 439 438 435 432 434 437 440 440 438 440 439 438 440 439 440 444 442 446 451 450 454 449 450 464 462 469 471 474 477 480 475 482 485 503 496 509 517
755 794 836 773 735 703 678 646 687 697 712 730 695 720 689 651 640 631 628 620 599 589 594 584 577 569 562 551 545 538 528 527 517 503 491 492 482 501 505 498 487 500 494 492 480 489 488 477 482 489 481 479 464 444 444 446 442 442 437 432 439 436 439 440 440 438 441 441 436 438 441 442 441 444 446 447 448 450 451 453 459 466 469 468 471 474 479 481 485 485 495 495 503 517
697 723 728 702 688 677 660 687 754 746 773 764 727 748 722 689 685 668 648 637 601 601 602 590 583 571 559 553 552 539 536 521 507 517 526 471 417 514 509 496 489 505 504 502 495 504 501 491 491 486 478 483 484 468 454 443 445 445 443 438 447 440 437 441 439 438 443 446 442 437 441 439 442 444 448 444 451 456 453 458 464 463 465 471 470 482 484 484 483 489 491 494 497 505
670 669 686 703 680 669 671 716 819 830 820 802 760 751 726 738 711 676 657 634 633 626 610 596 584 582 567 557 547 532 525 532 528 521 529 423 425 520 513 505 508 524 521 501 508 514 509 501 480 479 490 488 483 481 478 451 444 446 440 444 444 438 440 440 439 442 444 446 444 443 440 441 442 444 449 449 446 452 456 460 457 462 459 463 478 480 480 485 486 481 490 492 489 500
670 647 636 681 700 697 679 714 789 862 842 817 786 780 771 755 728 689 637 655 659 638 614 600 589 576 557 548 539 544 542 533 530 533 523 428 491 519 511 507 523 527 514 502 518 519 517 492 480 492 499 484 492 492 481 463 464 453 448 450 444 441 441 443 440 442 441 443 444 445 445 439 446 444 443 446 452 454 456 455 465 458 464 472 476 477 482 479 475 483 490 486 490 504
612 613 644 687 695 696 690 713 756 834 868 859 828 837 808 770 715 677 649 688 677 654 628 615 601 586 574 563 557 553 555 544 535 531 515 424 505 523 507 515 529 530 518 510 517 522 517 481 506 515 504 494 500 483 468 474 469 465 451 445 452 452 447 443 446 441 445 444 445 447 449 446 442 446 452 448 455 446 448 450 460 464 466 469 471 477 480 472 480 480 481 489 489 492
591 620 649 694 693 695 692 703 709 786 895 910 889 840 808 766 716 657 687 722 702 683 649 632 607 598 583 580 567 579 561 555 545 538 522 426 514 525 509 513 530 524 515 527 523 519 509 500 520 513 504 493 480 471 486 478 473 478 462 447 460 455 456 453 450 443 446 447 447 447 447 450 449 446 446 445 444 459 457 461 454 456 459 462 471 468 470 477 481 485 486 487 488 484
617 628 639 635 645 656 667 652 686 743 838 874 869 805 754 708 664 737 746 752 718 692 665 641 624 618 604 593 582 570 565 557 551 546 461 428 520 536 526 508 528 530 530 523 525 510 506 515 521 513 491 485 488 502 502 494 489 478 476 470 457 457 453 454 455 463 453 450 449 451 449 447 451 452 444 449 447 456 463 464 460 465 464 469 466 473 476 479 487 482 479 484 488 499
626 594 598 625 627 615 631 668 695 706 728 743 762 736 718 693 749 771 807 775 745 721 691 676 650 638 617 604 587 582 563 564 558 549 469 451 531 536 535 532 531 538 542 541 530 508 513 525 514 516 487 497 510 515 500 499 504 498 484 471 471 473 470 463 459 454 454 446 451 453 449 450 451 451 451 445 448 453 459 459 470 477 471 473 472 473 475 477 479 480 480 487 488 490
607 584 574 580 586 634 660 659 655 669 703 698 723 721 701 743 813 797 818 810 760 726 725 715 674 643 632 609 596 586 578 575 562 556 445 446 539 537 540 536 535 543 543 537 524 512 520 534 524 511 507 500 510 519 508 495 501 503 477 477 480 472 465 460 465 462 457 449 452 457 450 454 453 452 450 447 449 453 451 456 471 465 467 469 469 475 469 474 479 484 484 483 485 487
576 568 586 610 623 611 618 645 633 626 648 686 717 713 708 749 809 821 830 796 777 738 701 672 664 659 637 614 591 599 585 584 574 564 416 468 557 546 542 544 535 539 543 534 512 513 532 531 527 506 504 507 520 523 519 505 493 482 493 486 491 477 478 475 471 457 459 456 453 451 458 461 454 454 448 456 449 447 449 449 450 454 462 469 466 468 474 476 480 476 485 487 495 492
554 579 613 586 601 601 639 608 625 665 686 704 738 733 739 744 819 866 866 818 762 766 733 717 722 670 628 608 606 603 598 591 579 540 389 537 570 551 548 549 538 539 527 526 517 512 537 538 535 517 512 510 523 526 515 500 503 504 507 500 497 494 472 464 459 462 467 460 455 453 459 464 460 460 457 452 454 449 457 458 456 457 458 466 474 471 474 478 475 478 486 490 490 490
551 573 563 565 563 579 584 593 638 670 681 692 716 750 759 771 798 894 846 838 817 766 751 727 687 663 645 616 610 614 612 597 587 559 391 564 555 549 546 540 530 536 538 532 530 528 536 537 532 518 508 516 526 525 513 503 510 507 504 512 501 500 482 460 467 461 467 465 463 465 465 468 455 462 461 455 462 459 457 458 462 457 458 458 459 476 472 472 479 480 478 480 494 495
560 552 572 597 611 608 617 632 660 661 650 677 724 749 783 792 790 822 873 870 808 784 763 724 700 716 698 648 624 629 614 603 593 569 513 574 564 554 546 534 530 530 538 541 534 541 544 543 531 524 508 519 525 526 528 530 523 517 515 508 501 505 503 477 478 470 464 469 468 467 463 456 465 466 470 458 464 465 458 457 457 457 458 457 457 461 464 478 480 478 480 486 479 493
558 601 626 632 606 602 613 617 616 632 673 693 720 751 766 753 745 786 797 808 834 814 765 749 728 741 717 669 614 608 612 594 581 564 519 571 560 544 539 532 534 532 531 536 537 546 552 547 522 521 515 522 527 520 525 519 524 516 507 507 505 511 484 478 472 474 476 462 471 473 463 471 471 472 461 467 467 464 458 462 460 463 458 459 460 459 461 476 475 479 477 483 486 483
540 559 571 563 583 588 593 598 623 650 662 651 686 723 730 737 730 714 732 773 842 789 751 721 697 674 664 636 648 626 605 602 607 526 539 570 548 551 537 530 539 537 534 529 537 541 546 534 534 530 522 527 529 519 523 524 526 517 515 507 515 519 501 483 477 479 464 480 478 480 471 476 469 467 463 473 471 468 462 463 462 459 464 462 459 459 459 461 470 473 485 486 489 483
551 546 555 599 623 615 632 642 656 645 648 674 692 730 713 704 702 699 681 724 790 795 764 748 732 708 682 694 687 650 625 623 611 526 548 562 551 554 533 538 543 540 544 544 537 543 542 536 533 525 529 530 535 526 521 529 520 515 520 519 517 517 497 505 486 481 471 492 495 485 474 477 476 474 470 475 475 471 461 466 462 464 460 460 463 460 459 459 465 477 483 486 480 489
628 622 624 649 614 667 663 681 683 717 685 700 711 690 689 671 675 672 679 708 740 782 795 771 748 704 691 725 727 687 644 633 622 523 583 580 571 564 560 554 559 551 546 544 543 541 531 532 540 530 531 530 529 521 529 530 530 527 520 521 524 499 510 514 502 490 478 502 503 491 477 483 487 473 478 477 474 470 473 464 469 467 461 464 464 460 459 462 463 470 473 474 481 489
750 698 677 688 692 670 681 730 739 731 729 721 698 685 678 642 665 657 685 683 689 714 761 740 733 727 734 752 735 695 671 642 636 590 595 599 589 591 577 566 563 557 551 537 550 543 526 529 533 530 534 532 525 530 535 535 535 525 535 532 523 510 517 528 515 481 508 503 500 501 488 485 492 477 488 487 470 478 480 473 482 480 462 463 468 465 459 463 466 463 469 465 476 488
804 754 745 763 756 716 718 760 736 715 714 726 695 676 656 645 656 642 648 656 674 703 769 769 757 776 776 726 696 710 693 648 628 582 595 597 586 584 582 577 565 562 560 542 532 527 534 532 541 539 537 526 537 539 533 537 527 530 534 532 517 527 529 525 522 523 507 519 509 498 515 491 496 481 490 486 477 473 476 477 481 472 468 473 466 462 466 464 462 463 465 468 473 476
708 738 781 754 765 785 781 754 703 693 699 711 668 647 625 617 632 622 602 632 655 697 735 792 804 791 760 747 738 712 657 672 638 576 583 607 597 589 583 581 574 572 554 557 549 536 528 549 540 542 535 542 544 537 542 534 529 542 539 540 531 527 537 533 535 529 514 539 525 517 513 492 502 492 500 488 481 486 486 493 479 476 479 485 471 470 467 471 465 464 467 468 474 471
623 710 684 648 693 772 764 730 722 668 671 651 660 664 638 608 617 600 635 645 672 684 702 769 801 785 774 762 714 697 731 699 650 576 574 607 591 595 586 583 574 559 569 570 558 551 551 540 544 546 538 549 550 544 548 538 539 550 546 538 548 542 528 537 538 533 522 534 531 534 518 513 515 496 512 507 489 504 505 497 480 483 483 474 479 474 471 480 472 463 466 465 468 474
663 697 652 603 589 684 695 724 734 724 666 663 637 631 607 613 594 611 627 642 649 688 717 759 786 787 765 723 712 732 745 715 668 613 583 616 594 598 596 585 576 572 576 566 563 561 556 543 559 557 556 541 557 559 556 554 557 548 557 547 554 553 536 555 548 543 528 538 542 541 529 523 515 526 526 520 506 503 499 490 488 486 476 488 487 480 489 478 465 468 474 465 466 471
681 632 661 631 578 575 615 694 774 765 735 683 620 630 622 595 592 621 636 651 661 676 698 719 735 789 763 750 757 718 691 683 681 622 599 619 611 599 599 592 586 585 574 569 568 569 560 568 552 561 549 557 564 570 569 562 553 561 566 555 557 554 557 551 555 542 538 546 547 543 533 528 523 532 532 518 526 512 498 507 503 494 493 503 491 484 489 487 475 474 470 467 469 472
616 591 639 608 559 538 597 679 751 777 717 653 615 596 614 590 605 621 619 630 659 677 683 701 722 769 791 783 749 749 719 722 709 632 622 620 613 603 594 585 578 576 582 574 576 568 576 558 563 566 551 562 565 567 568 568 562 574 573 569 563 566 555 559 547 556 547 555 551 551 541 526 545 539 536 529 534 526 517 516 505 503 502 502 490 495 490 480 487 488 480 474 472 472
557 564 596 541 502 565 601 675 779 778 689 638 612 571 589 615 593 598 622 657 635 638 662 681 703 721 782 784 758 736 728 677 657 651 622 632 625 606 610 590 596 590 586 590 577 574 565 578 570 563 575 563 571 577 579 569 575 575 584 576 570 562 568 563 557 559 552 563 557 557 547 540 547 544 535 545 543 533 537 516 534 525 517 500 504 497 501 496 485 492 488 479 487 470
545 588 546 497 526 571 578 640 722 774 707 631 561 566 589 611 613 633 637 618 643 653 663 667 685 711 756 775 731 715 696 710 730 658 623 624 621 617 610 590 599 598 592 579 586 586 582 586 568 577 580 582 568 580 581 585 588 589 587 584 576 575 573 563 568 565 563 566 573 559 560 551 554 553 549 546 547 543 531 523 533 536 536 517 505 499 503 490 497 496 489 495 493 472
575 545 495 513 556 611 603 607 664 679 617 586 542 601 641 667 640 600 613 601 616 637 659 653 677 703 714 744 755 731 753 748 704 664 624 627 629 616 593 608 598 598 593 599 594 585 592 594 597 585 594 589 582 573 592 594 596 597 590 580 585 579 577 565 576 576 574 570 574 569 558 558 552 557 563 557 549 545 544 531 543 540 540 533 524 505 491 507 505 503 492 503 485 495
516 490 466 540 592 602 647 661 672 642 582 536 554 610 648 629 580 587 586 604 630 628 646 652 654 644 679 724 772 768 740 722 693 656 642 633 624 604 617 618 612 595 601 611 605 604 595 603 604 606 604 606 609 600 592 606 603 604 598 589 596 591 589 580 593 585 575 586 576 581 561 571 571 571 565 561 555 552 538 542 553 553 546 538 535 516 518 513 506 500 496 501 489 499
470 466 506 549 621 639 637 613 599 571 578 550 535 633 572 582 605 605 571 600 607 630 656 619 632 656 664 686 742 751 748 727 704 677 653 641 626 613 626 625 620 602 613 616 611 609 602 619 619 616 609 617 611 601 614 610 615 614 611 606 599 600 586 598 594 598 579 590 586 569 576 569 579 579 575 567 560 548 543 549 553 552 547 550 521 534 536 531 516 504 516 496 504 503
460 494 550 544 546 607 602 567 588 586 542 493 555 535 587 636 643 585 561 589 602 604 595 630 613 643 645 668 705 739 712 706 679 658 664 642 634 634 635 632 619 609 624 626 628 626 618 621 632 633 628 636 626 604 620 622 624 620 613 611 606 609 588 608 603 605 597 605 581 596 583 582 586 586 582 578 571 568 564 558 564 561 555 550 533 549 543 534 522 525 529 517 508 501
