Outputs/eroded_cleaned.asc
ncols         243
nrows         143
xllcorner     77.65375
yllcorner     30.237083333333
cellsize      0.00027777777777778
NODATA_value  -9999
[rows 84 to 125 of 143, columns 0 to 93 of 243]
448 465 521 503 529 579 557 533 602 613 552 511 488 544 560 556 573 547 595 583 573 579 612 611 606 636 649 655 679 675 682 685 675 701 692 669 650 645 636 629 638 620 629 636 639 626 642 644 642 636 642 641 634 606 632 632 630 632 622 626 621 599 613 614 611 610 600 608 590 590 581 595 586 593 592 579 581 571 570 567 563 565 558 549 552 547 544 526 545 544 540 535 530 523
445 462 464 474 523 579 542 515 584 580 515 484 492 528 533 540 541 551 568 594 568 571 585 569 579 598 629 612 623 658 696 686 688 706 699 674 658 655 649 646 643 647 629 647 654 651 643 654 653 651 653 648 645 627 632 641 644 642 630 625 612 621 624 627 628 620 608 593 611 585 588 603 598 593 582 592 593 585 580 574 572 565 554 565 561 556 534 549 555 552 551 548 537 535
466 489 479 504 531 544 509 483 476 480 481 488 503 589 623 630 602 576 564 570 569 579 574 586 614 609 599 632 665 689 705 709 713 705 696 693 674 667 660 668 664 667 648 642 666 672 649 661 670 670 666 659 656 645 648 635 647 655 650 644 621 633 634 633 633 623 604 621 613 589 590 606 605 612 603 590 603 594 583 581 575 562 576 570 568 554 561 544 559 559 560 549 550 552
476 485 494 530 513 459 475 475 483 504 494 519 525 591 665 720 682 656 596 574 604 603 592 607 608 635 655 654 658 689 703 700 717 714 711 705 678 688 676 681 683 673 672 662 679 686 670 680 681 680 675 663 668 657 658 646 663 648 656 648 641 641 641 644 638 610 616 627 621 612 590 597 609 616 607 600 606 599 590 588 577 583 583 576 555 571 570 548 568 562 563 557 556 559
436 438 440 443 455 479 494 517 534 508 561 601 645 694 729 734 725 666 630 661 679 684 641 645 639 641 649 646 676 676 695 679 704 735 721 698 694 716 722 702 691 713 713 723 695 705 704 688 701 691 692 690 681 689 674 657 672 659 660 652 648 651 647 650 623 627 634 631 632 624 592 588 623 619 614 613 614 609 603 586 601 597 594 582 569 583 576 560 575 576 572 571 561 564
479 451 476 500 534 537 505 522 563 599 576 591 601 641 666 688 727 721 685 697 670 664 669 646 648 633 624 636 654 676 659 675 702 711 719 723 713 739 753 734 719 728 730 713 727 736 725 705 724 713 717 716 705 695 693 658 676 681 667 670 674 666 656 631 643 644 643 639 632 628 595 588 625 631 623 620 613 603 600 591 601 602 598 588 573 590 584 578 567 582 581 573 569 560
502 508 526 602 636 594 555 565 607 644 630 652 622 632 685 710 700 690 664 663 634 653 656 621 611 623 642 650 651 653 660 674 674 702 720 734 736 754 770 747 736 759 780 755 743 761 756 736 750 735 751 739 722 694 676 682 668 686 675 680 677 666 647 652 637 653 649 644 650 642 625 591 633 632 627 627 615 618 606 598 618 612 601 584 592 595 597 591 584 595 588 578 575 575
459 484 545 548 594 614 582 586 652 673 601 627 664 694 696 676 663 645 649 623 610 650 645 624 601 626 620 617 619 633 650 677 687 688 683 716 754 752 766 764 766 780 814 791 767 780 784 762 766 735 762 736 722 716 699 715 671 716 724 699 677 650 684 692 644 672 681 654 653 653 644 606 637 641 641 636 631 623 611 620 627 619 610 586 599 603 597 589 604 596 590 580 585 569
444 478 515 498 535 600 574 581 608 617 571 562 618 668 629 654 668 622 620 591 622 654 637 600 606 621 613 629 652 664 655 662 667 676 697 705 737 750 743 759 779 775 821 819 799 803 817 780 788 765 764 734 751 739 726 716 697 712 711 701 710 671 657 704 687 666 707 684 683 676 655 614 635 647 651 644 638 632 625 626 628 626 617 601 614 614 605 592 601 598 595 596 575 579
432 461 452 475 535 578 532 522 551 596 546 526 626 623 584 607 598 603 577 588 621 638 625 603 590 602 591 625 628 619 636 639 675 673 694 705 725 694 715 732 755 771 777 793 839 842 836 808 802 792 805 761 773 752 747 724 723 718 713 698 685 689 677 718 713 681 668 721 716 713 685 647 658 658 651 653 647 640 627 639 640 633 619 609 619 618 616 612 614 609 607 577 602 580
420 427 438 481 554 554 515 493 569 592 535 509 597 571 559 562 559 561 563 580 595 611 585 577 573 574 633 595 610 635 662 675 661 670 690 696 700 680 708 719 737 739 733 776 818 838 837 816 810 813 815 790 794 767 749 749 752 748 711 709 699 702 680 707 722 703 689 719 721 693 655 666 682 666 662 655 645 648 635 652 647 641 630 624 612 623 621 622 620 619 613 593 603 585
415 417 449 508 546 511 469 528 576 582 522 496 547 519 569 557 562 582 571 580 605 601 571 571 591 573 579 619 634 632 679 689 683 686 662 650 673 704 711 723 723 709 732 752 764 790 812 820 829 837 850 808 825 795 780 766 759 738 750 753 736 723 725 711 716 707 699 716 683 664 663 695 705 696 681 648 659 642 637 651 653 648 643 631 629 637 638 635 625 622 609 601 614 590
416 427 458 519 490 459 483 523 487 516 515 455 461 528 579 545 550 592 583 604 616 596 566 593 607 593 612 611 626 661 668 646 664 649 627 664 691 693 682 700 711 700 715 732 742 754 753 775 816 837 831 822 824 820 811 805 811 773 767 774 746 769 731 748 748 729 715 702 672 672 666 674 714 730 717 687 670 669 644 661 657 651 641 643 650 634 638 637 626 612 618 614 616 607
422 438 438 440 427 486 486 439 445 453 452 433 490 573 593 542 534 567 592 618 610 587 565 575 583 583 602 612 643 666 622 624 654 618 662 688 675 680 699 672 674 689 694 717 731 740 727 741 770 774 822 842 859 826 846 830 839 801 790 808 780 776 756 767 749 760 736 709 705 691 677 667 704 741 741 720 685 666 650 661 660 657 649 652 656 651 628 622 616 623 632 629 626 632
450 423 428 425 472 499 433 416 418 425 433 461 531 576 546 524 529 575 572 580 607 589 547 571 599 595 613 616 635 622 602 622 603 651 667 652 667 682 665 640 672 673 665 682 712 704 727 713 738 764 779 780 805 833 845 867 856 841 834 842 844 793 797 815 796 769 735 743 723 709 701 678 687 732 735 708 707 671 682 679 672 665 658 651 649 629 645 645 640 637 630 641 627 636
427 423 408 443 487 481 420 440 482 490 435 445 527 574 522 528 563 555 587 600 596 565 538 563 570 602 603 618 592 607 581 588 613 654 630 671 677 678 647 634 656 642 683 684 693 685 711 754 762 773 753 739 767 792 794 811 831 842 840 868 845 845 837 815 830 789 774 761 733 726 718 693 708 716 732 714 697 690 719 717 703 684 676 653 633 651 656 655 648 641 642 636 633 636
395 395 396 427 459 415 421 444 502 521 446 456 535 527 496 570 595 617 622 623 549 532 568 594 607 594 584 556 591 571 588 610 640 628 612 644 670 640 611 630 665 686 625 683 674 703 715 721 732 742 744 755 733 750 767 748 762 763 756 801 844 863 863 844 808 798 820 787 771 756 732 712 708 724 730 726 701 687 737 753 739 727 698 640 658 671 672 673 661 656 655 650 641 646
391 399 399 407 410 448 445 466 521 495 457 470 500 483 489 515 506 520 569 535 525 556 589 603 592 561 547 552 565 566 574 591 610 608 637 670 659 637 602 632 659 615 616 642 669 696 721 698 716 718 716 737 721 748 746 729 737 726 738 777 810 812 839 842 848 846 830 805 803 774 757 736 736 728 738 718 710 694 728 755 755 738 707 644 690 689 685 684 674 664 651 641 657 653
401 406 401 434 496 513 465 473 501 536 481 474 473 475 506 492 500 524 521 523 572 584 634 610 585 537 561 582 592 576 604 581 605 618 648 651 623 623 601 622 607 622 667 684 695 710 709 696 703 681 714 730 697 719 719 718 705 729 757 753 783 791 780 796 824 849 861 851 814 796 774 774 758 749 730 726 716 708 731 750 721 708 664 697 729 724 707 695 683 671 651 657 665 655
410 411 426 502 546 508 495 497 536 549 507 473 475 524 581 581 575 586 527 555 638 662 555 513 520 573 616 636 649 635 621 607 621 657 635 614 594 601 605 602 625 651 655 676 687 677 678 658 657 701 714 696 678 706 686 683 692 719 731 737 748 756 729 766 788 782 791 823 839 839 802 813 789 757 747 726 730 722 739 730 707 681 674 706 743 757 733 724 696 677 662 670 671 674
404 427 459 503 508 470 490 469 524 571 536 504 514 554 613 618 607 600 583 616 588 535 493 529 535 583 639 656 670 650 657 659 650 641 622 605 590 595 596 599 625 640 651 666 677 643 661 652 678 688 697 671 687 699 680 668 678 699 725 742 750 745 723 767 763 754 763 766 788 826 834 857 817 774 768 744 738 736 703 700 696 686 702 716 755 767 760 749 718 683 678 698 696 685
393 401 436 458 460 420 440 450 529 578 551 538 552 535 507 509 548 588 533 495 493 486 554 550 565 627 660 643 640 658 695 658 635 642 613 599 581 597 620 612 616 609 631 648 652 642 660 669 639 684 650 638 665 687 672 646 682 682 704 724 734 703 723 736 739 737 732 728 735 772 809 847 818 803 777 786 766 749 727 716 709 690 699 723 749 777 757 718 692 680 718 742 722 725
397 402 387 400 396 401 416 443 509 535 500 496 537 502 473 522 565 577 509 492 485 547 592 578 584 590 598 610 629 655 691 666 624 665 643 620 579 639 615 598 605 619 615 653 648 627 623 631 633 624 636 669 672 654 645 672 660 681 693 693 680 703 734 718 734 715 738 697 727 721 759 802 853 829 817 805 804 783 755 743 729 709 703 722 742 747 731 712 691 683 728 768 748 743
383 384 385 389 425 442 439 479 518 521 476 457 490 461 451 510 555 529 470 467 521 619 663 658 635 619 651 674 645 687 688 634 629 648 643 571 597 585 596 635 640 649 674 694 651 623 631 624 621 627 667 682 662 640 647 659 637 672 692 667 705 745 735 704 716 712 722 689 698 719 737 762 783 838 854 843 823 788 781 788 741 749 732 720 753 744 720 710 688 698 735 772 768 746
388 396 418 416 425 454 487 488 502 502 464 444 476 435 447 511 559 514 451 471 567 580 647 696 707 679 669 679 702 733 679 608 585 616 539 528 551 590 642 653 689 738 738 659 636 621 642 619 645 664 675 653 635 634 629 632 656 691 666 670 723 722 700 677 690 660 695 673 704 712 721 739 744 758 782 862 852 830 829 790 798 790 758 744 751 729 720 689 710 699 708 735 747 743
382 397 419 446 444 453 475 455 474 461 456 435 421 425 472 546 561 525 478 448 511 560 626 730 753 734 728 720 728 714 649 600 553 564 523 555 559 582 622 706 762 768 755 680 621 624 644 603 660 667 651 640 637 626 635 672 677 707 670 680 697 702 676 685 666 657 676 670 705 691 717 697 715 729 749 784 845 865 847 845 815 799 790 769 756 736 712 701 723 731 712 734 704 698
399 394 392 411 431 431 443 460 428 420 433 421 411 459 498 505 479 471 460 446 514 590 648 748 767 794 769 758 744 696 670 586 534 516 533 577 580 628 678 692 735 722 682 607 602 620 605 642 643 678 644 637 597 609 632 652 671 669 715 711 700 706 666 637 634 666 634 669 687 672 690 686 717 702 714 753 791 835 843 860 844 845 816 800 778 767 739 742 729 736 738 726 716 692
406 393 391 436 432 412 425 390 394 395 402 404 414 440 437 425 435 437 442 495 604 642 620 642 661 656 667 720 711 660 613 553 502 542 577 637 662 668 677 694 682 658 675 600 611 640 608 618 699 694 696 655 594 635 677 707 697 666 700 661 689 738 688 632 648 654 635 636 645 668 654 685 678 713 720 733 745 748 769 798 879 885 847 832 799 787 785 763 752 758 761 737 728 712
392 398 387 392 389 398 414 390 418 428 414 412 410 413 416 429 429 469 502 550 609 592 569 573 597 618 660 744 716 659 609 561 491 567 590 649 673 708 746 723 662 658 680 601 586 570 607 659 646 667 709 655 589 655 686 710 677 662 698 676 685 702 681 628 659 649 633 668 686 650 655 664 669 691 699 719 724 738 743 780 809 849 872 840 852 819 800 778 803 788 740 752 736 739
395 383 373 390 390 383 384 385 407 404 415 430 458 463 442 436 447 512 537 516 510 514 548 613 649 669 712 745 710 655 596 535 488 551 615 646 712 770 779 721 685 643 638 566 551 597 644 620 642 698 675 636 574 606 652 706 628 664 648 653 709 721 641 622 634 633 652 668 641 631 626 652 660 657 706 715 702 711 727 739 751 778 806 841 886 862 836 813 803 778 797 760 756 766
378 373 377 378 379 385 396 414 407 392 410 442 502 493 490 486 460 489 496 502 553 542 567 655 659 678 722 711 631 613 561 509 479 525 616 696 737 789 716 676 634 620 665 620 545 560 611 632 675 702 644 620 568 626 677 693 623 619 634 651 724 748 651 620 637 671 667 648 626 615 640 633 641 677 703 683 695 702 719 712 722 739 766 778 836 856 840 851 817 801 785 770 762 749
372 375 374 381 387 405 405 406 391 407 396 407 421 424 422 462 492 496 468 514 579 623 622 685 698 684 712 667 597 554 519 478 514 569 605 629 683 735 698 648 610 600 662 638 542 544 620 692 724 689 624 560 624 633 639 621 598 650 715 744 731 709 717 617 631 643 657 657 604 611 635 652 636 689 686 664 695 687 683 709 704 722 741 774 765 805 832 872 863 850 841 814 800 770
384 398 404 393 400 403 414 395 387 422 444 452 445 445 476 452 455 457 460 488 536 608 638 702 710 650 619 586 563 538 492 470 556 608 625 675 723 765 712 673 642 564 578 555 542 574 648 709 723 665 591 550 614 615 601 598 642 676 763 753 711 682 701 624 595 600 649 601 617 651 680 691 698 680 668 644 673 652 693 700 717 722 737 740 746 766 790 815 816 827 857 854 839 818
371 376 400 418 413 410 390 391 379 411 451 469 446 460 495 501 495 497 506 478 513 531 597 641 639 609 590 547 518 507 464 478 532 577 590 634 690 742 753 715 663 589 530 535 560 637 693 749 678 606 526 536 588 551 577 666 688 734 758 724 695 676 689 645 602 610 649 583 638 672 665 679 685 655 659 638 627 658 702 689 709 701 710 731 743 746 759 777 773 798 818 835 854 822
352 364 380 393 398 381 376 390 378 408 454 447 421 460 484 487 531 553 563 518 560 597 654 617 590 569 556 600 546 525 458 471 508 556 604 664 637 678 659 619 587 529 534 616 647 688 709 678 643 575 509 572 542 578 643 741 757 770 764 739 701 674 670 654 605 572 582 602 679 638 650 668 700 651 656 626 649 670 684 673 671 672 691 728 711 737 757 761 766 755 778 781 813 789
354 352 353 373 379 378 368 373 369 403 415 388 414 463 469 449 490 548 580 567 585 579 616 574 544 549 546 593 572 533 478 452 524 588 633 598 566 644 637 579 519 490 514 601 692 753 685 592 544 504 568 606 613 612 661 767 790 760 727 721 698 653 663 676 629 590 562 583 601 649 698 719 681 637 618 646 657 660 670 674 673 678 703 721 700 741 741 736 749 754 741 747 780 747
353 361 362 360 366 378 372 356 361 368 386 392 430 450 419 423 448 467 520 576 532 538 540 533 516 494 543 615 596 567 481 449 497 579 589 519 557 636 615 546 493 488 546 614 666 636 570 523 502 552 634 672 674 698 719 767 809 781 715 698 648 631 689 651 621 560 603 656 675 723 707 720 713 660 613 656 638 643 660 645 654 680 678 680 716 732 719 712 735 737 720 751 744 720
362 366 364 364 363 366 369 358 354 359 389 429 405 383 387 426 445 475 520 540 486 512 525 515 487 513 536 527 514 479 444 454 481 537 509 501 570 630 611 532 488 530 565 654 660 621 577 526 499 545 588 647 713 765 785 752 758 734 694 663 625 613 629 588 560 537 607 699 736 720 688 691 653 609 587 625 610 639 641 664 660 674 690 701 726 729 714 705 724 709 736 731 705 713
366 370 361 359 363 372 369 355 361 356 364 382 381 385 390 393 403 437 437 436 451 511 515 480 467 530 539 507 489 475 453 450 471 476 479 491 531 603 573 511 481 568 615 656 628 567 541 501 497 526 598 632 671 671 663 674 717 741 663 605 574 600 619 561 523 588 656 702 683 694 670 641 604 585 602 596 640 673 654 688 704 699 676 685 715 714 686 709 695 685 697 706 682 674
357 358 372 377 367 362 358 356 362 364 381 375 395 404 431 452 436 432 435 450 449 452 452 463 505 550 595 589 571 520 449 442 488 515 528 520 547 587 529 477 482 529 580 646 605 520 519 492 497 538 573 639 699 665 620 617 660 669 617 590 567 541 550 517 570 635 712 691 660 684 648 599 584 605 632 641 659 683 718 747 712 684 655 675 685 691 667 680 679 669 701 683 662 644
357 357 373 361 357 358 366 354 363 357 373 404 429 422 417 463 473 456 446 466 487 482 481 493 495 517 523 579 541 497 448 431 450 504 556 573 583 581 517 469 497 514 559 609 569 518 489 507 538 586 633 649 669 631 604 577 598 658 645 579 541 567 530 515 616 706 706 663 662 695 597 585 595 627 650 696 686 707 729 740 681 639 639 699 709 715 691 663 665 675 688 693 668 621
351 358 370 355 355 356 353 353 351 352 356 364 400 414 432 416 423 422 451 469 507 501 526 510 487 457 467 517 495 463 433 425 455 507 560 581 607 588 523 463 526 569 595 562 536 496 486 508 539 560 571 616 619 639 634 574 551 606 631 595 536 517 502 576 617 674 671 632 634 683 635 595 587 661 703 737 739 783 795 752 703 635 692 731 713 694 673 662 697 681 660 656 657 618
