Outputs/eroded_cleaned.asc
ncols         243
nrows         143
xllcorner     77.65375
yllcorner     30.237083333333
cellsize      0.00027777777777778
NODATA_value  -9999
[rows 0 to 41 of 143, columns 0 to 93 of 243]
473 474 477 476 480 502 503 463 462 457 458 450 435 410 415 434 439 436 424 429 427 429 428 438 461 477 481 479 469 484 477 488 496 488 477 474 475 473 476 476 473 479 482 479 473 471 475 477 464 462 456 457 475 463 466 446 440 435 431 432 442 441 450 439 438 456 455 456 449 447 442 443 443 444 464 462 463 467 474 474 467 463 450 457 460 465 460 461 485 484 498 497 500 504
474 472 482 481 504 521 520 476 458 455 456 452 437 412 416 417 439 445 425 425 428 422 426 437 449 469 467 466 460 474 460 473 485 476 469 467 465 468 474 471 471 468 465 457 461 466 464 466 463 461 453 457 446 462 453 433 433 431 445 442 441 439 449 444 444 443 451 464 444 444 442 438 443 467 481 474 467 469 473 471 475 473 462 455 464 466 460 470 479 501 500 499 504 508
474 473 473 502 540 530 522 491 456 459 454 450 447 411 410 417 427 437 420 417 415 430 425 425 456 459 461 473 468 459 458 467 469 466 463 471 464 458 458 464 461 468 459 455 450 458 460 452 459 460 456 448 442 432 433 435 447 450 446 449 438 438 437 439 437 449 462 448 438 435 435 440 454 474 477 467 466 469 462 467 467 470 476 470 471 474 474 480 496 511 518 511 498 505
471 472 480 514 556 559 541 508 459 453 455 447 442 412 411 410 414 413 419 418 414 412 416 418 446 452 453 457 462 450 448 459 464 463 461 466 456 458 455 456 453 455 459 460 453 451 452 452 454 456 449 431 441 429 435 448 444 453 453 440 438 438 436 439 442 455 444 434 434 437 434 454 471 465 462 463 464 461 467 468 470 475 476 479 481 474 475 481 499 507 514 515 513 517
470 470 490 522 566 570 561 519 463 452 453 453 449 420 410 409 408 419 413 413 421 410 412 437 451 449 447 447 445 442 453 457 463 454 461 459 454 456 452 457 453 452 451 453 448 452 455 450 454 446 437 432 430 428 438 444 440 439 441 434 435 437 436 438 446 445 433 436 436 435 453 467 456 457 458 461 462 468 469 469 473 474 475 475 475 476 476 489 501 505 512 517 517 519
475 476 504 556 574 578 567 541 471 457 453 452 448 434 410 410 413 413 409 409 413 419 421 426 428 439 440 439 441 444 446 450 451 451 449 455 444 449 451 453 452 454 450 445 450 455 447 449 431 424 431 430 430 432 432 435 444 437 433 433 434 436 435 436 434 434 437 436 453 452 471 463 467 460 462 462 468 463 468 472 469 476 481 476 477 477 488 494 489 501 509 507 512 511
487 511 548 577 570 574 559 547 466 449 450 449 449 438 419 411 424 412 407 411 410 408 413 417 427 436 433 438 440 442 441 443 446 442 443 443 449 451 451 449 450 449 441 447 454 451 441 427 425 426 431 436 430 428 433 437 438 436 441 438 438 435 436 433 432 432 434 441 454 471 460 457 457 462 460 465 469 469 471 468 473 470 471 472 476 477 485 492 494 494 495 503 506 518
522 580 574 571 569 571 536 495 469 461 445 451 444 441 422 403 411 412 406 409 418 414 425 427 431 431 440 437 438 441 441 439 444 441 445 436 449 447 452 452 449 451 453 435 440 448 425 425 427 433 430 428 430 428 433 436 429 434 439 440 435 433 433 433 434 437 437 449 470 454 455 456 461 463 464 465 467 468 477 472 471 475 477 479 473 482 489 490 488 497 501 500 511 514
521 571 573 564 572 577 562 500 451 448 447 444 443 443 438 418 407 409 416 408 409 404 418 419 421 427 437 437 440 440 442 436 444 443 434 449 443 446 446 453 441 437 437 427 430 427 426 426 430 431 432 430 430 433 437 434 430 430 436 436 435 439 451 449 446 452 453 459 451 454 463 465 460 467 464 469 471 468 472 470 471 472 476 486 477 475 482 487 492 496 497 501 505 513
500 555 575 558 566 561 526 479 458 438 442 439 444 439 439 415 398 405 403 411 416 401 413 415 416 420 437 432 437 439 432 439 440 441 432 441 445 442 439 440 428 429 432 432 424 427 429 436 438 438 429 429 427 425 426 429 429 432 442 441 444 447 441 459 457 455 455 456 454 457 459 465 462 466 464 468 468 473 468 469 471 478 486 478 477 482 484 492 493 500 495 499 502 505
499 551 575 576 533 505 475 455 442 441 436 440 428 439 437 418 400 404 404 400 403 397 416 421 413 431 434 436 430 425 437 439 438 438 428 438 431 431 427 427 430 432 429 426 426 427 430 427 429 428 425 433 428 428 430 437 436 436 439 444 444 450 465 455 453 454 458 458 458 458 464 464 464 464 467 465 466 467 468 476 483 480 480 479 485 480 483 482 482 488 499 497 506 519
492 549 562 560 540 488 456 451 441 437 441 432 441 421 419 417 406 395 400 397 395 410 411 409 416 429 435 434 423 435 437 441 441 435 434 427 425 427 426 428 423 436 428 425 424 423 426 423 424 426 432 426 432 429 433 433 430 438 440 439 453 462 453 454 456 455 460 455 461 462 463 460 460 469 467 467 471 472 476 479 479 480 478 478 492 485 482 486 494 496 505 498 497 506
517 541 512 495 491 464 450 446 446 438 434 441 431 424 406 405 400 403 398 392 399 413 404 414 412 414 431 435 434 422 425 431 421 428 426 430 427 422 434 428 431 422 423 423 422 436 425 424 426 425 429 430 431 428 433 440 434 438 435 458 455 451 453 454 456 456 453 460 461 458 460 463 466 463 463 470 469 468 471 476 480 477 480 483 484 480 488 499 501 501 508 508 500 502
519 506 471 466 452 439 447 434 439 443 437 431 422 417 419 418 408 398 397 390 394 396 415 412 413 416 432 423 425 424 422 419 427 423 429 423 422 422 424 428 432 424 424 426 427 430 424 424 430 433 434 429 431 429 439 436 434 431 449 476 450 450 450 451 451 457 458 461 464 468 466 459 469 467 463 463 464 474 475 474 476 480 482 480 482 482 487 499 509 511 506 502 504 521
468 468 455 438 432 434 433 438 438 439 426 425 424 420 418 417 398 398 393 397 393 395 409 411 416 413 415 420 421 421 422 419 428 423 424 420 419 419 426 431 431 425 422 426 427 422 421 427 425 430 428 427 431 434 431 434 431 445 471 454 451 453 453 451 452 453 459 465 465 464 468 474 467 467 465 467 471 473 473 472 479 476 475 488 490 491 496 498 505 504 504 509 512 506
438 437 431 430 432 434 434 431 436 434 420 415 424 416 413 410 408 392 388 399 410 403 406 410 409 417 419 419 417 420 422 422 423 424 421 415 419 421 420 419 422 424 431 420 423 423 424 428 426 433 429 434 439 437 434 439 439 453 475 451 453 451 454 471 466 463 459 463 469 470 467 467 472 470 469 472 477 474 473 476 477 473 482 487 492 493 494 493 500 495 507 508 515 511
428 431 428 434 433 429 434 432 436 435 423 413 415 416 415 417 417 391 386 390 399 402 402 408 415 413 415 412 417 419 418 425 418 415 415 419 423 420 420 421 422 426 420 420 418 433 426 427 426 430 429 434 430 441 438 447 459 458 451 452 450 453 461 463 469 463 468 470 468 473 466 467 469 469 470 472 469 472 475 476 475 478 476 479 489 493 492 500 493 502 498 499 513 516
429 429 431 433 427 428 432 437 436 435 424 419 413 413 411 425 411 388 390 389 414 405 415 411 416 412 414 415 410 417 416 419 416 415 420 423 420 418 425 423 413 419 417 418 422 426 427 428 427 428 427 428 436 442 448 458 457 451 451 454 451 454 464 456 462 467 467 462 460 460 469 468 471 471 470 469 470 474 475 476 484 478 488 495 504 512 510 504 517 519 534 527 513 531
430 427 429 430 428 430 428 430 427 431 418 413 410 410 417 397 395 392 399 392 411 413 411 414 413 410 411 410 413 419 417 412 416 429 442 432 415 425 417 421 418 413 422 424 425 422 421 427 432 430 428 433 441 453 458 451 452 455 450 459 457 465 463 467 469 463 459 460 463 467 471 471 465 466 469 470 468 479 477 475 483 475 496 505 508 513 518 523 525 525 533 539 540 524
423 429 429 427 427 431 426 426 429 430 418 409 411 411 409 404 403 395 411 411 410 412 413 410 412 408 409 408 410 417 414 412 419 426 420 428 420 414 421 420 415 421 422 422 420 420 421 427 430 432 443 450 450 452 447 456 453 461 453 461 455 460 460 458 459 462 458 459 464 473 465 466 466 468 465 468 471 471 478 476 485 487 490 507 505 508 521 519 526 532 538 538 540 535
431 428 428 429 426 421 420 425 425 424 420 409 409 413 403 413 402 406 421 412 406 408 407 404 405 408 408 415 422 416 412 414 426 423 422 419 416 418 413 417 418 420 422 422 423 421 424 433 450 457 451 450 451 453 445 446 451 460 453 454 459 454 456 457 459 458 462 467 468 466 463 465 469 466 466 469 472 476 474 485 490 502 506 493 509 521 522 521 521 533 537 541 545 549
424 427 425 421 422 420 422 421 419 416 430 409 406 412 397 400 407 414 403 408 412 403 403 405 407 408 406 413 413 413 411 413 421 422 427 421 422 418 415 415 418 419 421 429 422 429 448 453 458 450 451 447 444 444 447 451 449 455 454 454 455 458 461 457 457 463 462 468 462 462 467 464 464 466 472 472 473 477 481 488 497 504 503 504 504 515 519 529 525 523 528 531 539 546
421 423 429 429 421 427 422 416 411 425 427 420 405 399 402 410 418 401 393 403 394 400 406 407 405 407 407 405 412 410 414 412 418 439 413 422 417 415 414 417 419 418 422 435 442 447 460 450 444 447 445 445 445 443 447 453 453 456 458 454 453 464 464 458 458 459 463 468 461 460 466 465 465 466 470 468 473 476 486 492 501 498 497 505 510 508 512 518 515 526 531 532 539 532
425 417 428 423 424 421 421 421 420 411 412 415 412 409 409 426 411 398 391 391 399 413 416 410 415 407 407 412 414 413 408 412 425 418 429 415 414 412 412 414 425 432 441 446 446 442 447 443 444 441 445 444 441 448 450 455 459 465 453 453 459 464 461 465 459 457 461 462 460 462 463 469 465 467 468 469 471 471 475 487 490 493 500 508 507 512 515 513 520 525 530 524 529 541
416 419 419 416 413 421 420 425 414 409 394 399 411 410 407 402 414 389 390 390 403 404 407 411 412 405 407 410 410 408 410 411 415 415 420 414 413 417 421 430 436 437 435 445 441 440 443 444 442 440 443 444 444 451 453 459 458 460 455 454 458 453 455 454 457 460 456 457 461 462 466 465 464 466 467 467 476 476 482 479 500 502 504 517 514 509 516 519 520 524 530 530 542 545
410 417 418 417 413 401 398 396 393 395 399 400 404 404 387 382 398 390 393 399 401 409 403 413 406 407 409 409 409 416 412 415 412 412 419 430 430 435 436 435 438 442 442 433 435 445 448 441 439 440 442 441 452 449 446 448 445 459 456 457 453 453 453 453 453 458 458 458 457 457 465 462 465 466 467 470 475 477 483 492 498 503 486 492 496 513 513 521 524 533 538 537 532 540
391 401 402 398 394 391 393 392 394 399 401 401 398 405 392 383 393 399 399 397 400 401 407 411 407 408 408 406 407 411 412 425 427 429 430 432 431 430 432 441 446 444 441 437 436 439 443 438 439 439 444 451 450 443 445 444 453 447 453 452 453 453 453 457 464 460 456 456 462 465 462 460 462 465 465 469 468 470 483 489 492 482 500 503 511 515 517 515 524 523 527 532 540 542
396 392 392 393 390 393 394 396 399 400 398 390 396 392 392 383 407 399 398 402 404 412 403 405 408 413 409 427 423 421 427 420 430 432 437 432 430 436 444 446 434 437 437 435 437 440 442 439 442 443 442 452 444 443 446 453 453 454 452 454 457 458 456 456 459 458 457 460 461 461 460 463 465 464 465 468 480 480 479 484 481 486 485 496 497 497 498 502 511 519 526 533 531 540
388 390 389 392 390 393 388 389 390 390 391 393 391 396 395 403 398 395 394 395 404 404 405 407 409 408 410 429 431 436 429 421 429 430 430 433 432 439 432 432 433 433 434 434 436 442 446 439 446 453 443 444 446 446 443 448 452 450 450 451 454 456 453 454 458 456 456 457 460 459 460 460 465 467 465 469 475 474 479 487 479 484 492 493 494 498 498 502 503 512 514 515 517 520
399 395 398 391 392 396 392 391 392 391 391 390 391 391 394 392 394 395 394 395 399 406 410 406 408 420 423 419 430 431 423 431 434 434 435 439 435 433 432 432 433 433 436 441 442 435 438 440 446 450 446 446 444 446 446 445 451 449 450 450 448 449 454 454 455 456 458 457 459 461 462 462 461 465 469 469 476 475 479 476 478 490 491 496 499 501 500 508 517 524 526 526 524 531
386 384 388 392 392 388 389 389 390 392 396 396 395 397 396 393 393 395 400 408 422 424 417 425 439 440 433 434 433 433 427 427 427 428 435 439 440 438 432 430 430 434 432 436 445 449 446 448 438 440 448 445 446 446 444 448 449 450 446 449 451 453 451 453 452 457 456 454 457 458 458 464 461 463 463 465 470 470 477 474 484 491 496 500 503 499 508 514 520 524 521 515 535 536
384 391 403 392 391 394 402 405 404 405 407 392 391 390 393 396 403 406 417 424 425 431 428 431 433 431 432 429 430 430 428 428 433 432 430 435 435 435 435 437 435 433 438 431 439 443 441 439 439 441 441 442 444 446 448 446 446 451 446 445 447 449 450 452 454 452 453 457 456 457 462 468 468 472 468 471 472 477 480 478 489 492 498 500 499 502 504 515 518 517 508 522 529 531
398 406 399 398 398 397 391 400 394 394 393 390 390 390 402 418 414 416 421 420 422 427 428 430 428 426 427 432 438 433 427 425 430 430 430 430 426 437 432 432 438 446 436 439 446 441 441 448 440 441 441 446 450 442 448 447 447 447 446 448 455 453 454 451 454 459 461 460 458 463 466 465 472 472 471 473 481 479 483 486 491 489 494 491 495 496 498 503 506 501 513 516 531 526
401 407 393 398 391 387 394 404 400 391 389 394 406 403 410 415 423 420 425 426 423 420 419 431 430 424 428 427 431 428 426 426 424 424 428 424 430 429 436 433 434 436 433 437 435 439 437 439 443 440 444 441 447 445 448 444 445 445 445 449 447 447 453 454 456 463 463 466 463 469 468 469 468 473 471 474 480 478 480 484 487 485 490 493 493 494 497 499 506 499 508 519 516 522
408 392 396 394 390 389 387 395 398 393 389 389 398 396 401 408 427 423 414 418 418 420 424 422 427 429 423 425 417 422 430 427 427 424 421 430 430 432 433 434 434 438 432 436 432 435 438 438 439 441 441 438 442 442 445 445 444 448 445 450 449 451 453 457 459 463 463 463 465 464 462 462 469 465 468 479 473 471 476 478 481 491 488 499 499 502 498 498 502 497 503 513 523 526
382 385 387 393 386 386 401 391 386 392 391 387 393 391 396 397 399 400 409 407 415 419 421 424 426 423 418 424 423 415 424 428 423 419 428 426 425 438 434 433 434 434 434 427 436 438 437 438 442 435 439 438 439 439 456 456 443 445 444 447 449 450 453 454 459 466 464 466 470 465 472 464 463 472 471 475 469 474 479 480 484 492 492 487 490 489 497 501 495 510 511 512 516 519
387 390 387 391 387 392 411 389 388 388 388 388 391 391 397 395 394 394 397 400 402 401 404 407 410 407 414 414 418 414 417 420 420 425 413 418 424 438 440 437 434 436 426 433 436 435 439 438 440 436 434 437 449 438 443 446 442 443 442 445 445 447 456 456 458 468 461 463 465 466 463 463 469 464 467 471 476 471 472 484 482 486 481 489 489 499 497 495 504 508 508 512 504 506
385 385 394 400 388 406 416 399 386 393 395 389 395 398 396 393 394 394 397 401 400 401 403 407 405 407 407 409 412 412 412 411 411 410 411 412 416 430 433 434 437 432 436 425 433 431 435 432 437 433 438 436 437 438 437 438 442 442 445 445 447 456 456 453 456 458 459 459 466 463 465 466 468 475 473 471 472 481 482 484 479 481 482 493 489 494 495 494 500 495 496 497 516 518
396 390 399 397 401 400 408 409 395 403 407 396 405 404 400 396 395 395 399 402 400 406 401 404 407 410 410 407 410 412 410 410 416 411 413 412 411 410 410 412 417 415 410 425 432 433 432 439 439 435 436 438 437 435 439 443 441 442 443 446 447 447 461 457 457 459 459 462 465 467 469 468 471 476 472 474 477 481 482 477 484 488 486 488 495 494 494 499 502 504 509 510 517 518
406 407 396 405 412 411 403 413 407 424 414 417 407 407 400 396 405 397 405 408 405 406 404 402 407 408 405 408 408 409 410 410 409 411 413 411 417 412 411 411 411 410 415 422 424 432 429 439 434 432 434 437 434 441 440 438 441 439 446 446 449 454 455 456 456 456 459 460 460 462 465 469 472 471 471 472 476 478 481 482 481 486 485 488 485 490 496 500 507 510 511 516 518 517
415 416 421 407 419 416 407 420 427 438 425 415 416 411 402 417 412 413 407 409 410 411 402 411 408 417 410 411 412 406 410 411 411 410 414 412 419 416 409 409 415 415 419 422 422 422 421 424 430 427 436 437 434 439 439 442 441 441 443 446 443 448 452 464 457 463 458 462 464 462 463 464 466 469 477 476 477 479 480 482 482 485 487 495 496 496 497 501 505 510 513 514 511 507
445 436 428 429 424 411 423 449 443 460 429 431 420 414 406 417 422 414 414 406 415 416 409 421 417 417 419 423 416 412 412 413 411 414 412 413 414 414 418 413 410 411 414 416 416 422 419 421 427 424 430 427 431 434 435 443 447 445 443 442 451 453 461 459 455 462 463 462 463 465 463 467 464 467 478 481 478 485 476 479 480 481 483 489 485 490 497 496 500 507 509 504 503 513
