Outputs/eroded_cleaned.asc
ncols         243
nrows         143
xllcorner     77.65375
yllcorner     30.237083333333
cellsize      0.00027777777777778
NODATA_value  -9999
[rows 42 to 83 of 143, columns 94 to 187 of 243]
514 511 528 529 535 528 531 548 572 576 586 587 591 588 586 587 598 603 609 612 620 622 623 637 647 648 643 659 666 664 663 678 682 679 682 690 698 697 704 700 691 722 730 735 731 722 754 764 759 752 771 766 785 790 777 772 751 821 819 810 829 780 785 790 744 722 738 759 787 844 848 854 855 858 890 901 914 896 862 809 845 862 898 931 969 1033 1128 1096 1063 1005 955 913 928 880
513 524 513 519 525 537 554 568 561 576 581 583 588 584 591 595 588 602 610 612 615 625 635 636 648 648 647 649 657 668 668 673 675 663 676 683 684 691 691 672 692 704 710 704 705 715 722 728 736 752 756 773 770 776 744 738 769 793 765 813 794 755 734 736 712 724 756 799 823 838 838 836 851 885 873 862 885 861 815 798 878 900 907 940 1015 1064 1058 1045 1025 1069 1022 1028 1018 994
525 535 536 528 536 559 560 556 555 558 570 579 579 586 588 592 600 603 605 611 616 624 628 626 627 634 637 649 658 663 665 658 654 649 659 664 665 658 671 672 692 697 694 700 712 713 717 731 735 738 755 762 765 773 743 737 769 783 746 781 736 728 732 700 720 734 782 826 837 832 830 840 847 881 854 858 859 842 833 783 799 891 937 933 984 995 958 940 937 974 985 1057 1079 1065
535 540 539 540 547 546 554 549 564 571 580 577 580 572 585 596 592 588 600 604 608 614 622 609 627 624 644 650 654 658 650 626 634 636 641 644 649 652 662 680 691 687 687 695 699 711 719 728 725 745 749 757 758 756 711 740 762 750 704 699 700 682 687 719 750 787 815 826 818 818 822 829 857 872 844 868 842 830 831 817 759 802 859 896 921 924 893 857 856 890 899 972 1062 1052
531 539 542 538 549 554 548 558 558 561 569 574 559 577 586 580 586 595 600 597 604 609 601 621 618 636 643 645 645 631 622 637 645 652 656 663 667 669 670 674 683 676 686 692 706 708 713 706 733 738 735 751 741 713 704 698 701 687 673 678 679 709 743 773 796 820 833 807 804 809 824 834 828 808 851 863 824 829 834 833 811 757 757 797 837 835 881 856 812 828 859 958 1020 1017
531 533 533 542 546 544 538 548 551 554 564 550 568 576 569 578 583 579 587 604 608 604 597 620 626 622 636 639 628 619 633 645 654 658 658 658 656 670 674 681 679 683 674 697 705 697 700 721 727 719 725 701 690 685 677 680 668 671 694 698 722 763 778 790 806 823 811 794 796 817 833 838 798 838 874 839 820 826 832 832 829 823 796 756 750 766 789 798 790 774 832 867 895 911
528 535 522 528 535 537 546 545 552 550 535 557 561 546 569 577 576 587 591 582 586 593 613 612 608 617 630 622 619 635 642 641 644 650 646 648 651 663 671 676 675 684 672 681 676 688 687 681 674 666 657 661 666 663 658 664 681 688 722 759 760 769 779 794 811 817 799 791 797 810 829 797 813 875 862 825 812 818 824 825 839 853 828 807 786 732 756 783 777 745 763 805 814 835
533 516 523 534 539 542 542 549 547 539 549 542 543 562 557 558 568 570 578 593 601 603 606 599 606 603 604 606 623 630 628 618 627 631 649 649 642 643 639 642 643 638 644 649 647 640 642 646 652 636 640 644 648 654 674 692 714 733 747 753 765 771 768 781 807 808 793 787 802 810 802 795 845 859 824 819 803 814 815 821 842 855 846 830 806 772 722 759 777 761 730 773 782 786
514 526 534 533 535 539 529 531 538 555 561 563 567 571 573 573 575 587 589 592 597 594 581 586 588 595 612 622 620 609 606 617 620 631 623 617 610 614 620 623 619 630 636 622 635 638 630 645 634 652 650 652 668 688 704 718 735 737 740 754 759 752 776 795 795 780 773 795 807 816 777 803 838 830 802 814 798 805 797 814 833 833 825 835 831 801 748 720 757 752 717 730 749 769
522 522 527 526 526 531 539 548 551 556 554 559 567 568 570 575 583 587 590 589 589 580 596 605 606 602 613 611 603 606 600 617 613 602 607 601 607 617 606 608 620 624 620 635 625 626 643 630 644 655 668 682 692 700 709 716 725 730 741 741 742 753 777 767 752 758 774 774 800 816 763 770 822 802 803 786 797 793 799 812 841 829 800 823 811 776 755 739 712 715 752 726 733 779
510 511 512 519 534 535 539 539 541 547 553 554 562 568 566 572 583 581 585 573 574 589 598 600 604 599 596 593 599 594 607 604 600 597 603 589 603 604 615 617 616 618 631 633 637 645 642 654 664 678 683 691 695 704 707 708 716 730 731 735 741 753 757 751 740 757 760 776 793 762 739 755 774 791 791 790 778 792 791 810 839 835 795 811 826 789 757 751 735 709 751 714 775 795
523 517 532 529 531 534 534 543 543 552 553 552 540 552 561 554 550 560 564 580 585 587 584 580 576 580 582 588 593 601 602 597 592 581 585 597 597 610 615 619 621 624 629 636 645 657 664 667 672 687 692 689 700 697 703 703 716 718 724 726 735 737 734 726 742 748 765 782 748 729 765 787 816 815 791 790 784 768 788 811 832 825 779 774 816 788 735 724 703 743 713 746 789 798
512 506 521 520 528 526 534 542 538 533 536 533 531 549 552 547 573 570 571 574 567 578 574 571 582 588 594 595 595 595 587 591 572 598 608 605 606 610 613 616 624 635 641 650 656 655 665 670 672 679 683 689 692 697 709 716 715 712 714 727 724 727 721 741 734 741 726 714 720 766 792 820 829 802 779 774 778 779 762 801 827 819 793 774 790 772 708 730 749 691 724 764 783 815
506 509 509 501 498 502 511 523 522 531 531 530 539 544 535 546 553 558 559 566 564 570 567 574 580 585 583 587 589 584 572 569 592 600 600 604 602 608 620 629 635 640 643 648 649 654 660 670 671 677 680 693 687 686 709 717 709 710 711 713 709 705 724 738 725 739 702 728 751 778 801 807 803 790 776 766 770 772 755 820 835 818 811 778 778 757 699 696 688 721 754 776 809 825
496 492 504 495 503 513 521 515 526 527 536 538 537 532 544 546 541 549 551 555 563 567 563 576 575 580 577 575 567 571 587 592 594 593 598 596 609 627 631 633 635 639 643 643 652 655 657 651 658 658 661 673 684 679 699 708 709 713 709 705 708 699 709 720 722 738 704 728 764 793 776 797 777 779 769 765 763 752 773 842 833 807 804 761 751 761 716 684 698 732 774 815 819 833
490 501 495 507 512 515 523 521 525 525 526 532 538 541 542 535 546 546 552 559 559 558 563 573 570 565 567 569 578 583 592 591 592 579 593 614 617 625 627 624 630 632 631 640 644 653 651 658 649 652 668 686 682 681 704 693 710 698 701 690 702 692 700 712 710 722 699 738 765 772 753 786 767 763 761 776 756 744 766 810 798 802 790 751 729 735 709 681 708 752 788 812 814 826
499 500 499 502 513 516 513 515 516 524 540 540 533 525 533 541 552 548 549 552 551 565 568 566 569 557 565 572 577 583 589 588 576 599 612 609 617 613 619 622 623 632 617 631 637 646 643 639 653 668 687 694 681 689 690 695 683 681 687 696 690 679 706 706 704 701 684 735 750 757 755 738 748 747 767 753 747 729 755 797 780 795 805 780 725 729 699 675 705 769 797 791 808 822
490 490 502 507 514 513 509 511 524 537 529 522 524 531 535 535 543 549 549 544 555 561 562 552 555 563 575 573 574 582 583 573 596 604 607 608 607 618 616 624 622 614 629 625 629 634 635 657 660 676 680 679 676 681 679 671 683 675 690 691 677 692 696 701 702 704 685 712 719 741 746 741 722 758 752 737 742 725 735 767 775 788 791 774 717 720 679 673 713 792 792 780 801 796
502 506 499 502 507 513 511 505 516 513 518 526 529 533 538 538 539 538 543 553 556 550 549 561 568 565 569 573 576 569 572 596 600 609 601 604 608 598 610 611 601 623 640 639 636 642 664 663 669 672 657 664 675 674 670 664 685 686 674 700 693 675 694 690 694 682 695 701 713 715 719 718 741 738 736 731 732 733 721 733 781 781 785 767 712 720 669 695 752 776 785 770 788 783
493 502 504 499 504 505 504 513 511 520 523 525 523 534 533 533 535 542 541 545 550 548 557 562 563 563 567 571 569 574 585 593 596 591 597 600 610 597 607 600 619 642 641 647 644 647 650 649 660 647 658 667 670 673 665 658 671 674 669 684 672 689 682 699 684 664 687 686 695 710 712 694 719 728 725 732 725 730 728 719 730 758 764 728 681 659 686 688 757 777 777 751 777 778
492 499 502 495 501 502 506 509 518 515 514 521 524 523 527 527 534 536 545 548 549 553 555 561 559 562 570 558 560 580 585 579 584 603 599 596 590 602 598 613 625 635 642 643 642 632 643 645 645 662 667 664 675 673 662 654 661 656 667 674 688 664 685 704 679 661 669 698 701 698 684 700 714 714 711 713 724 722 726 720 712 752 732 666 651 663 675 723 748 768 768 740 759 776
493 498 498 494 501 497 500 516 517 516 519 521 519 526 531 528 537 540 542 548 544 551 558 557 551 552 561 554 570 570 577 592 596 601 601 598 586 593 605 602 623 630 634 631 623 614 630 634 654 665 662 666 672 667 658 658 660 668 675 675 680 662 673 688 687 653 685 689 692 695 681 706 707 707 701 693 715 717 711 690 705 741 698 665 657 670 697 735 744 748 755 736 764 763
498 497 495 498 497 504 510 511 515 517 518 518 519 528 530 533 533 538 546 543 550 550 547 551 551 553 552 566 580 576 573 581 597 598 604 597 585 594 599 610 614 617 603 607 612 634 649 651 651 651 658 663 667 669 664 656 662 655 667 678 660 669 671 681 677 648 659 689 689 677 700 696 701 692 689 698 708 705 708 698 674 708 705 651 649 661 684 718 749 740 741 733 747 730
495 494 496 500 504 497 508 500 501 520 525 520 524 527 528 529 535 540 543 538 542 541 542 552 557 555 561 571 570 576 586 592 596 602 592 585 589 596 607 608 610 596 612 626 636 634 643 643 639 648 656 657 664 663 662 669 651 654 665 651 663 670 672 659 664 645 675 690 693 696 675 690 688 672 690 688 696 700 701 701 670 694 691 674 652 648 681 731 740 704 708 743 733 731
495 500 503 506 504 508 499 509 513 505 518 520 519 522 528 524 539 540 533 543 539 542 547 556 552 548 561 569 562 569 581 585 592 588 572 587 595 607 601 593 594 611 623 631 631 627 631 635 644 647 649 657 650 658 662 659 648 651 652 651 671 665 667 635 642 667 677 680 685 668 679 693 670 677 678 682 693 699 698 668 660 677 684 677 647 640 649 696 688 675 699 709 715 717
491 502 500 499 506 506 505 504 510 516 516 517 520 511 517 532 530 527 534 536 539 543 542 553 556 554 558 553 558 560 565 571 566 571 591 599 589 585 590 606 613 618 622 622 619 628 625 636 646 645 649 652 650 645 652 641 657 649 651 658 648 667 633 641 666 674 667 669 680 663 683 680 672 664 671 680 689 695 690 668 656 672 681 683 678 657 640 658 668 703 705 705 701 700
490 496 501 494 495 503 506 509 513 515 516 516 513 528 530 528 533 528 519 525 533 539 542 539 543 549 550 552 552 558 549 556 574 583 584 587 580 598 604 610 615 616 614 599 617 622 629 637 639 641 646 644 640 638 633 644 654 645 652 643 643 656 642 642 653 652 656 660 666 650 674 679 672 679 659 671 678 687 677 657 659 674 675 675 672 655 634 641 678 673 684 688 695 705
491 494 493 500 501 500 504 508 507 509 515 512 517 525 530 522 528 521 532 531 534 534 532 529 541 546 551 550 557 549 559 568 570 587 581 577 582 599 602 607 607 602 597 612 611 620 633 633 637 629 634 632 623 629 645 648 649 645 656 644 644 651 635 627 645 657 653 657 648 666 678 675 677 678 665 652 663 665 664 649 664 671 661 668 667 661 633 633 657 689 697 695 694 692
484 492 495 495 500 503 502 506 507 511 511 511 514 522 526 529 524 522 527 530 531 537 523 538 542 537 540 546 547 558 567 568 571 573 574 588 591 594 592 595 590 587 602 612 619 620 628 625 625 634 620 613 638 644 646 643 638 653 652 650 658 653 629 639 656 665 654 652 647 658 668 665 669 664 656 667 650 650 648 664 665 670 658 664 662 665 648 633 636 685 698 688 682 707
480 490 487 493 492 492 501 505 508 510 512 518 521 522 521 522 518 516 530 529 524 520 537 538 539 532 546 541 547 559 563 575 566 572 563 586 583 575 581 583 597 609 612 618 626 628 624 626 627 621 602 628 635 638 636 637 631 643 645 640 637 630 629 644 650 656 646 653 650 645 663 667 672 664 661 661 649 651 651 656 670 660 658 660 664 659 673 631 632 684 686 678 689 692
479 480 490 491 489 495 489 496 509 512 510 516 514 520 520 528 511 520 538 521 515 535 535 537 536 538 527 542 551 553 557 566 552 559 579 584 570 586 593 593 596 604 611 616 617 622 618 622 614 596 618 630 636 629 632 628 632 642 643 649 641 613 637 642 647 644 647 624 629 645 650 651 660 661 662 662 660 648 654 664 683 670 658 659 666 658 645 630 656 679 693 685 668 685
483 485 488 493 482 487 497 496 501 511 512 510 512 512 521 519 507 525 521 521 516 527 526 531 529 526 543 549 557 559 555 538 566 576 571 563 576 589 592 598 596 597 609 605 609 610 618 623 622 593 613 629 632 625 631 629 623 642 639 643 635 600 606 628 639 643 622 636 656 653 651 641 655 656 663 661 643 650 665 666 651 674 664 666 656 637 633 657 674 676 670 675 665 649
481 476 479 480 493 489 498 502 504 499 503 512 519 507 503 507 518 512 513 516 520 521 524 511 520 537 544 541 555 550 533 563 567 558 561 571 587 589 582 579 579 585 604 597 607 612 609 604 588 615 621 619 620 626 628 619 627 636 643 642 637 618 590 613 639 646 630 617 648 641 630 639 641 651 657 650 636 657 656 646 659 668 664 636 628 624 648 671 652 659 669 648 631 631
470 483 485 487 491 502 500 504 500 496 500 514 508 507 500 510 514 508 510 515 516 516 511 534 538 535 536 531 532 528 557 539 548 573 579 584 574 571 565 559 566 608 593 602 609 600 577 581 609 612 622 611 620 621 618 615 629 629 638 635 631 617 589 590 630 637 625 609 635 617 628 640 654 657 655 631 641 656 647 648 660 658 619 612 621 648 651 651 651 635 626 618 614 613
473 471 483 484 494 499 497 496 492 495 499 502 501 497 504 510 509 513 514 511 516 507 516 524 529 536 519 521 525 532 542 554 566 577 580 580 562 565 555 562 586 591 598 596 586 575 603 611 607 610 608 616 616 608 614 621 627 624 632 629 625 604 588 605 633 637 630 607 602 629 646 646 652 653 643 623 621 650 646 646 642 630 610 625 642 647 651 645 649 624 613 614 641 626
473 474 474 489 492 499 495 495 484 490 494 497 494 501 500 511 508 509 506 513 523 503 518 524 530 512 527 528 535 554 562 560 565 568 573 565 558 549 567 580 601 586 591 573 574 598 601 607 609 608 610 600 612 612 603 622 624 618 627 623 625 584 596 612 630 631 622 597 604 632 645 644 652 654 630 614 613 643 637 642 617 609 629 641 639 646 642 644 614 617 611 639 668 663
476 479 481 481 480 486 486 481 496 494 495 495 492 493 504 501 503 505 503 510 513 501 523 526 527 512 531 533 550 549 556 553 554 557 563 548 558 547 562 592 578 583 570 579 596 597 603 604 603 605 612 610 599 591 605 618 616 621 610 604 596 582 584 618 623 620 595 600 603 640 643 640 643 633 619 615 619 633 640 628 599 607 638 636 642 641 633 608 609 618 606 648 665 658
479 477 484 480 482 485 485 486 490 484 486 487 495 498 501 503 502 503 499 510 501 511 517 523 512 526 527 536 534 538 550 548 557 555 547 538 542 549 568 579 574 575 560 595 592 599 596 599 602 607 606 610 588 605 613 617 613 618 610 606 577 580 598 609 604 591 595 612 632 639 638 629 608 604 614 616 624 631 639 592 604 634 642 637 637 627 626 606 608 602 607 614 642 647
493 478 484 482 487 487 490 486 487 486 489 489 490 493 495 497 496 494 499 501 506 508 514 509 518 521 536 547 548 548 544 542 547 544 535 545 552 558 538 563 563 559 583 587 589 591 588 593 602 600 604 587 592 596 612 611 615 614 594 582 564 579 586 581 589 598 628 627 623 621 614 593 604 617 626 625 623 613 594 587 596 626 616 599 603 622 617 603 614 601 598 609 616 625
492 497 491 497 500 487 499 489 485 485 485 488 486 493 488 494 493 500 498 504 504 506 513 511 521 520 540 550 543 554 555 555 541 531 547 550 551 544 533 562 553 572 581 586 582 578 588 592 596 582 564 597 609 602 602 609 599 601 586 574 564 560 564 594 612 614 617 623 627 613 589 602 619 615 617 621 608 601 578 588 593 597 590 593 594 596 595 609 596 598 607 647 655 661
498 502 492 498 498 489 494 488 491 485 489 484 487 484 496 492 493 498 499 498 508 500 506 506 514 514 523 540 537 546 549 545 528 538 539 541 544 543 532 550 569 570 565 563 570 581 579 583 553 555 578 595 599 598 595 599 590 589 588 565 563 561 573 590 609 616 605 611 616 605 585 604 604 594 599 601 589 581 585 592 588 587 600 596 596 593 598 594 603 612 638 657 663 670
514 507 504 509 492 501 491 502 491 498 485 485 488 490 492 495 495 494 498 498 498 507 507 506 506 512 514 524 527 517 536 535 528 534 523 519 532 533 526 535 538 533 539 540 535 536 545 546 547 550 547 555 558 552 564 565 560 575 565 564 562 558 570 566 560 568 574 578 583 574 568 577 593 598 589 575 576 587 595 592 590 589 597 592 595 598 604 635 642 653 661 660 660 660
