Outputs/eroded_cleaned.asc
ncols         243
nrows         143
xllcorner     77.65375
yllcorner     30.237083333333
cellsize      0.00027777777777778
NODATA_value  -9999
[rows 0 to 41 of 143, columns 0 to 93 of 243]
475 474 477 476 480 501 502 463 462 457 457 449 433 410 414 434 440 437 424 429 427 428 430 436 461 477 481 479 473 482 476 487 496 489 474 474 473 471 475 476 473 478 482 479 472 473 477 477 464 463 455 458 475 464 466 446 439 435 431 433 442 441 451 439 438 457 454 455 448 447 445 442 442 446 463 462 463 467 474 474 468 463 450 456 461 465 460 460 485 485 498 497 499 504
474 474 481 481 503 519 519 474 457 457 457 451 427 411 414 418 439 446 425 425 426 426 423 436 449 469 466 466 461 475 460 472 485 475 469 462 468 467 474 473 470 467 466 456 462 467 468 465 463 461 448 457 451 463 453 432 433 432 445 437 443 440 449 444 443 443 452 464 440 443 442 436 443 467 482 475 467 469 473 472 474 471 462 456 465 466 461 473 480 501 499 497 505 508
472 472 474 502 540 529 520 494 456 459 455 444 446 412 412 417 427 437 422 414 420 428 420 425 455 459 460 472 467 460 456 467 470 466 463 471 458 460 460 463 463 468 458 451 454 459 462 455 458 460 456 445 443 433 433 435 447 449 445 449 438 439 438 438 437 449 462 449 436 436 436 438 451 475 477 466 467 469 467 466 467 471 476 469 472 473 476 477 498 512 517 511 501 504
471 473 481 513 556 557 543 506 461 455 451 451 447 412 411 410 415 415 418 413 417 417 416 420 445 450 452 456 461 446 451 459 464 464 461 466 456 458 453 454 452 454 459 459 447 451 452 453 455 457 448 430 442 431 435 448 446 451 450 439 438 439 437 437 442 455 442 436 436 437 435 454 471 466 460 463 463 465 466 469 467 475 475 479 482 476 475 482 499 509 515 516 514 518
470 471 487 523 567 571 559 519 464 454 453 454 448 421 410 409 409 419 407 413 421 415 417 437 452 451 444 449 440 447 454 456 462 453 461 457 453 459 452 456 451 451 451 454 452 445 457 452 454 446 439 428 428 429 438 445 442 438 440 434 434 434 437 440 445 446 435 438 436 437 453 467 456 459 462 462 461 470 469 468 473 473 475 476 475 473 477 489 501 506 511 517 517 518
475 477 502 554 575 579 566 543 474 457 453 452 449 433 409 410 414 413 410 410 411 419 423 426 429 440 440 430 440 444 445 448 453 453 444 456 451 452 451 452 452 453 451 446 450 455 443 449 431 425 432 429 428 428 433 438 444 437 434 434 434 434 435 436 432 436 437 437 454 449 470 464 468 458 462 464 468 462 467 468 470 476 481 473 474 478 488 494 493 502 509 508 510 511
487 513 549 577 569 576 561 546 466 454 448 451 448 438 417 412 423 410 409 408 410 409 415 419 427 437 430 438 441 441 441 445 446 442 446 449 450 453 451 451 450 450 446 444 454 452 441 429 426 426 431 435 430 428 428 440 437 436 441 439 437 434 436 431 435 436 437 440 454 469 460 455 461 462 459 466 468 470 472 471 473 473 474 475 475 474 482 493 488 494 492 502 504 518
521 580 575 572 569 568 535 494 469 461 445 451 445 440 421 403 409 412 406 409 418 414 424 427 430 429 443 439 440 441 439 441 444 445 439 441 446 447 450 451 450 450 452 440 437 448 429 426 426 431 431 428 427 427 434 435 430 433 440 440 436 433 432 432 432 436 439 442 471 450 455 460 455 461 465 463 465 467 467 472 472 471 475 476 479 483 489 489 490 491 501 497 512 512
521 571 574 565 572 577 562 500 452 448 450 444 443 443 438 418 409 409 414 402 408 405 418 418 420 430 436 439 439 439 441 433 444 438 444 446 442 443 446 453 440 436 437 432 431 427 430 426 429 429 432 430 430 433 437 432 431 432 435 435 433 438 452 449 446 453 455 458 444 451 463 466 460 466 462 469 470 467 472 472 470 473 473 486 477 479 485 489 492 496 495 502 506 513
499 555 575 561 566 561 524 477 457 442 442 440 445 439 439 415 401 405 401 410 415 399 413 416 420 419 436 436 437 440 430 439 440 442 432 439 444 442 438 440 427 429 432 432 425 427 429 433 439 438 429 431 428 426 427 430 430 430 441 439 444 447 442 459 456 455 456 456 449 456 458 464 463 465 463 471 468 471 470 469 471 478 487 476 480 483 484 492 494 499 500 497 501 507
499 552 575 574 533 504 475 453 441 444 441 438 432 439 436 417 399 403 404 396 402 398 418 421 409 430 436 436 436 424 436 436 439 430 438 442 429 429 427 427 431 432 428 424 425 428 428 427 424 426 424 432 429 428 429 438 435 437 439 444 441 452 464 455 453 454 457 458 457 452 462 464 465 465 467 464 464 466 468 476 482 480 480 477 485 482 485 484 484 490 491 494 507 520
492 548 564 560 540 485 457 451 436 439 442 437 442 427 422 418 398 396 398 396 399 408 412 405 414 428 435 432 423 435 434 441 442 437 428 428 422 427 427 427 427 436 427 423 425 424 425 422 424 425 432 427 432 428 433 433 433 438 440 441 452 461 454 454 456 455 460 456 459 461 463 462 464 469 466 468 472 474 475 478 478 479 476 477 491 482 485 488 494 497 505 504 496 504
518 542 513 498 491 465 444 446 447 431 437 442 431 425 414 410 403 402 395 398 401 415 402 414 411 413 429 434 434 421 417 431 419 428 425 431 427 422 434 428 431 423 423 423 425 436 426 424 426 425 429 430 428 428 434 439 434 438 436 456 457 450 451 454 451 452 453 461 462 461 463 464 464 466 465 469 466 467 472 476 481 478 480 484 478 481 485 498 500 501 508 508 499 503
520 506 472 466 452 440 446 431 437 443 429 433 422 417 419 418 408 399 398 393 397 395 414 410 408 412 431 425 423 424 423 416 425 423 429 424 422 424 422 427 431 423 423 425 429 428 425 423 431 431 433 429 430 433 439 434 433 435 450 477 449 450 453 451 453 457 457 458 463 468 467 463 466 467 465 466 470 473 473 481 474 480 483 474 481 483 488 499 509 511 507 508 502 521
467 469 454 438 430 431 435 438 438 439 426 420 424 421 418 417 398 398 399 397 395 399 408 407 413 412 417 418 421 421 422 426 426 423 424 422 420 421 425 431 431 424 422 425 426 419 421 427 424 430 428 427 433 433 433 433 434 446 472 455 450 454 454 454 453 453 459 463 465 465 469 474 467 467 468 466 469 477 473 472 474 477 477 487 490 491 496 496 505 505 504 510 513 504
437 437 430 437 433 433 433 435 436 436 420 417 424 415 411 409 410 391 393 399 410 404 401 411 413 415 418 419 418 417 422 417 425 424 422 418 418 423 420 419 421 424 432 422 417 424 425 427 425 434 426 434 437 440 436 439 440 454 476 450 453 452 454 471 465 463 457 463 470 470 468 467 472 471 471 472 478 475 474 475 478 474 481 488 491 493 494 493 499 499 508 507 515 515
428 431 432 435 429 429 429 429 434 433 423 419 417 416 415 417 416 394 396 391 398 402 405 409 414 415 417 413 413 419 417 423 416 416 415 417 421 420 419 422 423 426 421 420 419 435 426 427 429 431 429 434 432 442 439 445 459 460 453 451 451 451 460 462 469 462 467 468 468 474 468 467 469 470 470 472 477 475 480 474 475 481 475 476 482 486 489 495 500 501 497 506 512 517
428 429 428 434 429 428 433 436 436 434 424 416 410 412 413 425 411 393 394 393 413 403 415 413 416 412 414 417 408 417 414 419 415 414 419 423 421 418 424 423 416 420 417 418 422 427 427 428 427 426 429 429 435 441 448 459 457 450 452 452 450 455 464 458 461 466 467 461 463 463 468 468 471 471 470 470 472 471 472 475 483 477 488 496 505 512 508 501 516 521 532 525 513 532
430 426 428 428 427 430 426 427 428 432 418 414 416 404 416 395 394 396 399 391 411 411 410 414 413 411 409 407 416 419 417 415 416 428 441 431 418 424 414 420 418 415 421 425 423 423 419 426 431 431 427 436 442 452 457 449 452 455 450 459 456 464 463 468 469 463 463 460 464 467 472 472 466 466 466 470 467 479 478 473 481 479 496 506 509 514 517 524 523 523 534 539 541 520
423 426 429 423 426 430 424 426 428 428 417 410 411 411 403 404 401 398 411 410 409 411 413 411 411 407 406 408 407 416 414 421 418 425 420 426 419 415 421 420 414 418 422 420 420 422 421 427 430 436 441 450 451 452 446 455 455 461 452 462 455 461 460 459 459 460 457 459 463 473 464 466 465 468 467 468 470 472 479 474 485 487 496 506 505 507 520 518 526 534 538 538 542 536
432 428 427 429 422 422 422 425 425 423 420 407 410 411 402 413 403 407 423 410 402 406 407 405 406 408 411 414 421 417 413 414 425 423 421 418 415 419 415 415 418 420 422 420 423 421 426 434 450 457 453 449 453 453 447 450 451 460 454 454 457 455 456 457 457 457 462 468 467 466 465 464 470 467 467 471 472 475 473 485 488 501 507 501 512 520 522 521 523 534 537 540 546 551
425 425 427 422 422 418 417 420 420 419 430 408 407 412 399 402 406 414 405 404 412 398 405 406 406 406 409 413 418 413 410 413 421 421 427 421 422 417 414 414 420 420 422 428 423 427 449 454 458 448 451 447 445 447 447 449 451 455 455 454 455 455 460 456 459 462 463 468 463 462 467 465 464 465 468 473 472 477 480 485 496 503 503 505 509 516 520 529 527 526 529 532 539 547
422 422 431 430 422 426 421 419 417 424 426 419 404 399 402 410 418 400 390 403 394 404 408 406 405 408 405 407 413 412 414 413 418 438 414 421 417 414 414 419 418 419 422 435 443 448 459 454 441 447 446 443 444 445 444 453 452 455 459 455 455 462 465 457 458 457 460 467 462 461 465 466 464 464 471 468 468 476 486 492 500 498 499 506 510 510 509 515 519 523 530 534 538 536
423 422 427 423 423 421 422 421 420 415 412 415 412 409 408 424 411 398 392 388 399 412 416 410 416 407 405 413 413 415 414 412 425 419 430 414 415 414 414 416 425 433 438 446 446 443 448 442 444 441 443 443 444 449 449 456 458 465 455 455 459 466 462 465 460 455 461 463 459 458 463 468 466 466 468 467 471 476 479 488 494 496 501 507 509 507 511 513 514 515 519 519 530 543
418 419 418 415 412 419 419 424 414 409 402 403 410 410 407 399 414 391 395 391 403 403 406 411 410 406 405 410 408 410 413 414 412 415 420 414 416 417 423 431 438 438 436 443 442 442 440 442 441 441 444 443 446 452 454 458 455 461 454 454 458 454 455 455 453 459 457 457 461 461 466 465 465 464 468 468 477 478 483 479 500 503 502 517 515 511 515 519 520 523 529 526 539 545
410 417 418 415 411 400 393 398 389 395 402 402 404 405 387 382 401 390 396 398 394 409 400 411 407 404 409 409 411 414 412 413 414 413 418 430 426 434 436 436 439 441 443 436 436 445 444 442 441 442 442 442 450 449 449 446 451 458 456 457 453 452 452 453 454 459 459 458 457 459 464 464 467 463 467 470 476 480 486 492 498 501 492 495 501 514 514 521 525 534 537 537 531 532
391 401 401 397 391 394 393 391 393 399 399 401 397 405 392 382 393 399 401 398 400 398 407 412 401 407 408 408 411 409 411 425 424 427 430 430 429 429 432 441 446 445 441 438 436 435 443 440 439 440 442 450 451 446 447 447 452 452 452 452 452 453 452 457 465 460 458 457 462 465 463 462 465 465 467 469 473 475 484 487 493 482 498 504 511 515 518 516 524 526 527 531 539 543
397 390 389 392 393 393 393 396 399 401 398 391 395 392 394 383 407 399 398 403 402 410 399 400 403 412 410 427 426 420 426 419 430 432 435 433 431 437 444 445 435 437 438 435 436 438 442 443 440 443 444 451 445 446 447 451 453 454 450 454 458 460 456 454 457 455 455 458 460 462 457 464 465 465 466 468 479 480 480 483 482 478 487 497 497 497 499 500 513 519 526 534 531 540
388 388 392 391 396 393 390 388 389 390 390 393 391 397 394 404 398 394 394 394 404 404 403 404 407 405 417 429 431 435 428 422 428 429 430 434 433 439 432 434 432 434 433 435 435 442 445 440 445 451 444 444 445 446 445 448 452 451 449 451 454 456 455 455 456 456 455 456 458 456 459 460 465 467 465 469 470 473 481 487 477 487 493 494 498 496 499 498 505 515 522 526 530 526
399 395 397 391 392 396 393 391 393 391 391 391 390 390 392 392 394 393 395 396 398 406 410 405 404 419 426 427 436 434 430 430 432 434 434 439 434 432 432 432 434 432 434 440 441 438 440 439 442 450 447 445 444 446 446 445 451 450 449 450 449 449 454 454 454 457 458 457 460 461 462 464 463 464 469 470 477 476 475 475 480 490 492 499 498 503 497 511 516 524 526 526 524 531
385 385 387 392 391 388 387 387 390 394 395 394 395 397 396 393 391 396 400 410 422 425 418 426 439 439 436 434 433 434 427 428 428 428 435 439 437 438 432 433 435 435 435 435 443 449 447 448 439 441 447 445 446 443 446 450 449 449 446 448 448 452 451 453 453 457 455 457 459 457 458 464 464 460 461 467 470 474 477 478 484 491 496 500 503 500 507 511 521 523 520 518 535 540
385 389 402 393 392 393 401 406 404 406 410 392 390 392 391 396 403 406 415 424 427 431 429 431 434 429 431 430 431 431 427 429 434 432 430 437 435 435 436 436 431 434 438 435 436 442 443 440 441 440 441 438 443 445 447 446 446 451 445 448 447 449 451 453 456 455 455 454 460 458 459 469 468 471 466 471 470 477 479 478 490 491 498 500 497 502 505 515 518 518 510 523 530 531
398 406 399 398 398 399 391 401 394 394 394 389 391 393 402 417 413 416 421 419 422 426 428 430 428 424 430 430 438 432 428 423 430 427 432 428 423 436 429 431 435 445 435 440 444 443 438 446 438 437 438 447 449 444 448 447 448 446 448 445 454 454 453 453 454 460 461 458 454 463 466 465 471 471 471 471 481 478 483 485 490 487 493 488 491 496 497 503 507 507 513 517 530 529
403 406 394 398 391 387 395 403 399 391 388 393 406 405 412 416 421 421 427 427 419 418 418 431 430 426 422 427 432 429 425 427 424 424 427 419 429 428 436 433 434 436 433 437 435 436 438 437 445 441 443 440 448 445 446 444 445 446 445 448 447 450 454 453 459 463 464 464 464 467 468 470 471 473 472 475 480 475 481 485 481 485 487 495 495 494 496 499 505 502 509 520 517 520
408 392 396 394 390 386 386 395 398 394 389 387 399 396 402 407 428 421 417 414 418 420 425 423 427 428 417 424 421 422 431 427 427 424 416 431 427 434 434 435 433 438 433 436 434 435 437 436 439 441 441 441 442 444 448 444 444 447 445 449 448 450 452 456 459 463 463 465 464 463 464 464 467 468 469 480 476 475 478 478 484 492 490 500 498 501 497 497 501 502 502 513 522 527
382 386 386 392 386 386 401 391 384 392 390 385 392 393 394 399 395 401 408 406 413 420 422 425 425 422 414 423 424 419 424 428 422 415 427 428 421 438 433 434 435 434 433 434 437 436 433 435 442 436 439 439 436 440 456 456 443 444 445 449 448 449 454 454 458 466 464 466 470 465 464 464 467 472 472 475 475 475 476 477 483 491 493 490 495 489 493 494 501 511 510 509 516 519
388 390 387 386 391 391 411 388 387 387 385 390 387 391 399 396 395 396 396 399 400 403 405 407 410 403 414 413 419 416 415 421 422 423 412 414 424 439 440 438 433 435 435 434 436 432 438 439 441 432 434 435 449 437 444 446 443 442 443 443 447 445 454 456 457 468 461 465 467 465 465 465 468 468 469 472 475 477 478 485 479 486 486 492 491 499 495 500 498 508 507 513 505 506
385 392 393 398 388 409 416 401 388 391 395 384 389 398 396 396 396 398 398 400 399 401 402 408 403 404 411 410 412 411 412 411 412 415 414 416 417 429 433 433 436 435 436 430 433 430 435 434 438 434 428 437 439 438 437 440 441 441 447 445 444 455 458 456 458 457 457 459 466 462 465 466 469 476 473 472 475 480 482 485 482 483 488 492 486 487 488 492 495 497 503 504 516 518
396 391 398 396 402 398 408 410 398 402 406 395 404 400 400 399 402 396 399 402 403 400 405 405 406 410 410 408 409 411 410 412 415 412 414 412 412 410 410 410 417 417 417 427 427 431 431 438 439 426 435 434 435 436 441 443 439 442 445 445 445 446 461 456 457 456 457 464 465 466 468 469 471 476 471 475 475 474 477 478 483 489 486 488 495 494 494 501 504 503 508 509 516 521
406 406 396 405 411 412 402 413 408 425 415 417 404 409 404 397 405 397 404 409 399 399 401 402 408 409 408 407 407 410 409 410 412 414 412 411 417 412 411 410 413 414 414 414 422 432 426 439 434 430 438 437 436 439 441 439 442 442 444 445 448 452 455 456 457 456 458 461 461 462 464 466 471 470 472 474 472 480 481 483 484 486 484 486 488 489 495 501 508 510 512 516 516 518
417 416 421 407 419 417 405 422 427 440 423 415 415 413 398 417 413 414 408 403 407 409 400 412 409 417 407 412 411 408 413 412 411 415 413 411 412 416 411 410 418 415 419 423 423 420 423 423 430 428 436 434 435 439 439 440 440 441 442 444 445 450 454 464 457 463 458 462 462 461 461 466 466 468 477 476 478 479 479 482 481 483 487 494 496 497 498 501 507 511 514 514 511 510
446 437 430 426 423 410 425 448 443 459 430 428 420 414 404 418 421 415 415 405 416 416 410 421 417 418 415 423 417 412 423 415 414 416 411 414 421 412 418 411 411 412 413 417 417 422 420 422 428 428 427 427 432 435 431 443 447 445 444 445 451 453 462 459 456 462 465 462 465 465 464 465 466 467 478 481 477 482 477 480 478 482 481 488 483 488 490 491 501 504 509 507 515 514
